6 0.4501953125 0.525390625 0.025390625 0.17578125 
6 0.380859375 0.490234375 0.02734375 0.14453125 
6 0.4013671875 0.509765625 0.021484375 0.16796875 
6 0.3544921875 0.66796875 0.064453125 0.1484375 
6 0.3154296875 0.640625 0.056640625 0.1484375 
6 0.3173828125 0.466796875 0.041015625 0.14453125 
6 0.6279296875 0.669921875 0.060546875 0.16015625 
6 0.634765625 0.470703125 0.046875 0.18359375 
6 0.66796875 0.642578125 0.0625 0.14453125 
6 0.4248046875 0.494140625 0.025390625 0.22265625 
6 0.583984375 0.69140625 0.0390625 0.1640625 
6 0.353515625 0.466796875 0.02734375 0.16796875 
