 1 0.6201171875 0.541015625 0.029296875 0.15234375
 1 0.59375 0.54296875 0.02734375 0.1484375
 1 0.423828125 0.69921875 0.04296875 0.1796875
 1 0.4052734375 0.546875 0.033203125 0.1484375
 1 0.3759765625 0.548828125 0.033203125 0.13671875
 1 0.6953125 0.517578125 0.0546875 0.17578125
 1 0.3017578125 0.52734375 0.056640625 0.171875
 3 0.6474609375 0.708984375 0.056640625 0.17578125
 3 0.60546875 0.69921875 0.0390625 0.171875
 3 0.568359375 0.51953125 0.03515625 0.1953125
 3 0.388671875 0.70703125 0.0390625 0.1640625
 3 0.349609375 0.703125 0.03515625 0.15625
 3 0.48828125 0.537109375 0.0234375 0.17578125
 3 0.517578125 0.533203125 0.02734375 0.17578125
 3 0.65625 0.521484375 0.03515625 0.19140625
 3 0.5693359375 0.69140625 0.037109375 0.1875
