6 0.662109375 0.66796875 0.05859375 0.15625 
6 0.298828125 0.6328125 0.078125 0.1796875 
6 0.3525390625 0.671875 0.068359375 0.171875 
6 0.4951171875 0.501953125 0.029296875 0.14453125 
6 0.5263671875 0.509765625 0.029296875 0.14453125 
6 0.5546875 0.50390625 0.02734375 0.140625 
6 0.58984375 0.6953125 0.03125 0.140625 
6 0.5849609375 0.48828125 0.033203125 0.1796875 
6 0.4365234375 0.48046875 0.033203125 0.1796875 
6 0.4658203125 0.4921875 0.029296875 0.1640625 
6 0.4580078125 0.6875 0.029296875 0.1484375 
6 0.4814453125 0.68359375 0.025390625 0.1328125 
6 0.501953125 0.685546875 0.01953125 0.13671875 
6 0.5224609375 0.6953125 0.021484375 0.1328125 
6 0.541015625 0.69140625 0.01953125 0.1328125 
6 0.5634765625 0.70703125 0.025390625 0.1640625 
6 0.4287109375 0.677734375 0.033203125 0.14453125 
