6 0.28125 0.6328125 0.08203125 0.171875 
6 0.357421875 0.6640625 0.03515625 0.1796875 
6 0.6015625 0.4453125 0.03125 0.1953125 
6 0.6728515625 0.4375 0.048828125 0.171875 
6 0.7216796875 0.63671875 0.076171875 0.1796875 
6 0.326171875 0.4296875 0.0390625 0.203125 
6 0.361328125 0.43359375 0.02734375 0.2109375 
6 0.3896484375 0.4140625 0.025390625 0.21875 
6 0.4169921875 0.421875 0.029296875 0.21875 
6 0.283203125 0.431640625 0.0390625 0.19140625 
6 0.6630859375 0.6640625 0.072265625 0.1875 
6 0.390625 0.658203125 0.03125 0.18359375 
6 0.578125 0.671875 0.03515625 0.203125 
6 0.5400390625 0.419921875 0.033203125 0.23046875 
6 0.5107421875 0.419921875 0.033203125 0.23828125 
6 0.4775390625 0.423828125 0.033203125 0.23046875 
