 1 0.5419921875 0.427734375 0.033203125 0.25390625
 1 0.2900390625 0.72265625 0.052734375 0.3046875
 1 0.337890625 0.720703125 0.04296875 0.29296875
 1 0.3701171875 0.71875 0.041015625 0.2734375
 1 0.43359375 0.734375 0.0390625 0.2890625
 1 0.4736328125 0.732421875 0.041015625 0.25390625
 1 0.5458984375 0.720703125 0.041015625 0.25390625
 1 0.6962890625 0.6953125 0.064453125 0.2578125
 1 0.2470703125 0.740234375 0.064453125 0.23046875
 1 0.5693359375 0.4921875 0.029296875 0.1328125
 1 0.603515625 0.46484375 0.05078125 0.21875
 1 0.5107421875 0.71875 0.041015625 0.2421875
