6 0.568359375 0.560546875 0.03125 0.18359375 
6 0.6123046875 0.55859375 0.056640625 0.1796875 
6 0.4248046875 0.33984375 0.033203125 0.1640625 
6 0.400390625 0.33203125 0.0390625 0.171875 
6 0.3623046875 0.353515625 0.080078125 0.18359375 
6 0.447265625 0.548828125 0.03125 0.18359375 
6 0.42578125 0.552734375 0.01953125 0.19921875 
6 0.396484375 0.552734375 0.0390625 0.19921875 
6 0.3515625 0.548828125 0.0546875 0.17578125 
6 0.3115234375 0.38671875 0.068359375 0.15625 
6 0.576171875 0.34375 0.02734375 0.1640625 
6 0.619140625 0.34765625 0.0625 0.171875 
6 0.66015625 0.572265625 0.04296875 0.20703125 
6 0.6767578125 0.369140625 0.072265625 0.16015625 
