6 0.65625 0.505859375 0.05078125 0.16796875 
6 0.705078125 0.494140625 0.05078125 0.14453125 
6 0.2998046875 0.46484375 0.060546875 0.1640625 
6 0.42578125 0.7109375 0.03515625 0.171875 
6 0.3447265625 0.490234375 0.052734375 0.16796875 
6 0.3837890625 0.505859375 0.037109375 0.18359375 
6 0.5791015625 0.708984375 0.033203125 0.18359375 
6 0.388671875 0.701171875 0.046875 0.16796875 
6 0.62109375 0.517578125 0.03125 0.16015625 
6 0.5712890625 0.533203125 0.033203125 0.17578125 
6 0.6552734375 0.697265625 0.064453125 0.17578125 
6 0.61328125 0.70703125 0.04296875 0.15625 
