6 0.642578125 0.55859375 0.05078125 0.15625 
6 0.609375 0.564453125 0.02734375 0.16796875 
6 0.578125 0.5625 0.046875 0.1796875 
6 0.5791015625 0.337890625 0.048828125 0.16796875 
6 0.6279296875 0.333984375 0.056640625 0.18359375 
6 0.68359375 0.349609375 0.06640625 0.19921875 
6 0.6875 0.5625 0.05078125 0.1953125 
6 0.2822265625 0.564453125 0.037109375 0.17578125 
6 0.3251953125 0.572265625 0.044921875 0.16796875 
6 0.36328125 0.3359375 0.03515625 0.203125 
6 0.326171875 0.34375 0.046875 0.1953125 
6 0.39453125 0.33203125 0.03125 0.2265625 
