7 0.2548828125 0.490234375 0.056640625 0.20703125 
7 0.3056640625 0.453125 0.052734375 0.1640625 
7 0.2275390625 0.658203125 0.029296875 0.11328125 
7 0.3759765625 0.439453125 0.033203125 0.21484375 
7 0.2919921875 0.65625 0.048828125 0.1015625 
7 0.408203125 0.4375 0.03125 0.2265625 
6 0.4228515625 0.6875 0.033203125 0.203125 
6 0.458984375 0.6484375 0.0390625 0.09375 
6 0.4970703125 0.681640625 0.033203125 0.17578125 
6 0.5244140625 0.671875 0.029296875 0.1640625 
6 0.5595703125 0.689453125 0.044921875 0.23828125 
