6 0.75 0.333984375 0.0625 0.15234375 
6 0.693359375 0.478515625 0.05078125 0.16796875 
6 0.6376953125 0.3046875 0.041015625 0.203125 
6 0.7451171875 0.490234375 0.056640625 0.18359375 
6 0.3017578125 0.484375 0.052734375 0.078125 
6 0.3427734375 0.48046875 0.025390625 0.078125 
6 0.36328125 0.328125 0.04296875 0.1953125 
6 0.248046875 0.53125 0.05859375 0.171875 
6 0.314453125 0.330078125 0.05859375 0.18359375 
6 0.4580078125 0.341796875 0.021484375 0.17578125 
6 0.3759765625 0.52734375 0.044921875 0.171875 
6 0.6201171875 0.50390625 0.041015625 0.1953125 
6 0.662109375 0.48828125 0.046875 0.171875 
6 0.6904296875 0.314453125 0.056640625 0.17578125 
6 0.4755859375 0.537109375 0.041015625 0.19140625 
