 1 0.423828125 0.31640625 0.03515625 0.1796875
 1 0.6123046875 0.32421875 0.029296875 0.109375
 1 0.46875 0.482421875 0.03125 0.10546875
 1 0.494140625 0.474609375 0.03515625 0.12109375
 3 0.5263671875 0.517578125 0.033203125 0.22265625
 3 0.5634765625 0.521484375 0.037109375 0.24609375
 3 0.6796875 0.560546875 0.05078125 0.26953125
 3 0.65234375 0.298828125 0.0546875 0.17578125
 3 0.61328125 0.51953125 0.04296875 0.2109375
 3 0.44140625 0.54296875 0.03125 0.2109375
 3 0.4140625 0.5625 0.03125 0.2109375
 3 0.3427734375 0.56640625 0.041015625 0.1953125
 3 0.3798828125 0.568359375 0.041015625 0.19140625
 3 0.5859375 0.291015625 0.0390625 0.16015625
 3 0.390625 0.31640625 0.03515625 0.1953125
 3 0.357421875 0.33984375 0.04296875 0.1796875
