 1 0.7109375 0.51171875 0.05078125 0.1796875
 1 0.392578125 0.705078125 0.0390625 0.19921875
 1 0.3544921875 0.642578125 0.044921875 0.08203125
 1 0.298828125 0.68359375 0.0703125 0.1640625
 1 0.580078125 0.4921875 0.03125 0.1953125
 1 0.4052734375 0.505859375 0.025390625 0.16796875
 1 0.5849609375 0.6796875 0.033203125 0.171875
 1 0.6162109375 0.68359375 0.033203125 0.1796875
 1 0.3056640625 0.509765625 0.048828125 0.16796875
 3 0.634765625 0.498046875 0.03515625 0.16796875
 3 0.66015625 0.697265625 0.05859375 0.18359375
 3 0.7021484375 0.68359375 0.056640625 0.15625
 3 0.3798828125 0.5078125 0.029296875 0.171875
 3 0.66796875 0.50390625 0.046875 0.1875
 3 0.6064453125 0.5078125 0.021484375 0.1640625
