 1 0.392578125 0.427734375 0.02734375 0.17578125
 1 0.341796875 0.419921875 0.02734375 0.16796875
 1 0.373046875 0.41015625 0.03125 0.1953125
 1 0.3095703125 0.388671875 0.044921875 0.19921875
 1 0.263671875 0.564453125 0.0703125 0.13671875
 1 0.36328125 0.611328125 0.07421875 0.17578125
 1 0.40625 0.625 0.0390625 0.171875
 1 0.4208984375 0.4296875 0.041015625 0.1875
 1 0.689453125 0.384765625 0.04296875 0.16796875
 1 0.3232421875 0.599609375 0.064453125 0.18359375
 1 0.6875 0.5703125 0.0625 0.1640625
 1 0.642578125 0.3828125 0.046875 0.2109375
 1 0.6064453125 0.400390625 0.033203125 0.17578125
 3 0.580078125 0.41015625 0.02734375 0.1640625
