6 0.3681640625 0.51953125 0.033203125 0.15625 
6 0.4248046875 0.697265625 0.033203125 0.19140625 
6 0.576171875 0.677734375 0.02734375 0.16796875 
6 0.6044921875 0.623046875 0.025390625 0.06640625 
6 0.3896484375 0.654296875 0.041015625 0.08203125 
6 0.642578125 0.658203125 0.0546875 0.15234375 
6 0.353515625 0.701171875 0.0390625 0.16796875 
6 0.333984375 0.525390625 0.046875 0.15234375 
6 0.2958984375 0.5234375 0.048828125 0.1484375 
6 0.3046875 0.705078125 0.05078125 0.16015625 
6 0.6123046875 0.455078125 0.037109375 0.19921875 
6 0.5263671875 0.685546875 0.021484375 0.19921875 
