6 0.71875 0.66015625 0.06640625 0.140625 
6 0.67578125 0.525390625 0.05078125 0.14453125 
6 0.71875 0.51171875 0.046875 0.1328125 
6 0.294921875 0.48828125 0.0546875 0.1796875 
6 0.3974609375 0.48046875 0.052734375 0.171875 
6 0.35546875 0.6796875 0.0703125 0.1875 
6 0.5947265625 0.6953125 0.029296875 0.1953125 
6 0.662109375 0.6953125 0.04296875 0.1640625 
6 0.3427734375 0.484375 0.056640625 0.1796875 
6 0.318359375 0.6640625 0.05078125 0.1640625 
6 0.6240234375 0.697265625 0.033203125 0.17578125 
2 0.2509765625 0.677734375 0.076171875 0.11328125 
6 0.4111328125 0.66796875 0.048828125 0.1640625 
6 0.64453125 0.50390625 0.03125 0.171875 
