 0 0.5693359375 0.6328125 0.037109375 0.203125
 1 0.6005859375 0.615234375 0.029296875 0.18359375
 1 0.62890625 0.6171875 0.03125 0.1875
 1 0.419921875 0.416015625 0.03515625 0.19140625
 1 0.4091796875 0.63671875 0.033203125 0.1953125
 1 0.373046875 0.412109375 0.03515625 0.16015625
 1 0.5888671875 0.412109375 0.033203125 0.14453125
 1 0.6220703125 0.419921875 0.033203125 0.13671875
 1 0.65625 0.4140625 0.03515625 0.1484375
 1 0.69921875 0.38671875 0.046875 0.1875
 1 0.333984375 0.4140625 0.046875 0.1640625
 3 0.5400390625 0.4140625 0.025390625 0.1328125
