 1 0.3125 0.62890625 0.05078125 0.234375
 1 0.36328125 0.361328125 0.0390625 0.25390625
 1 0.6884765625 0.64453125 0.056640625 0.203125
 3 0.638671875 0.388671875 0.0390625 0.21484375
 3 0.6923828125 0.38671875 0.083984375 0.2265625
 3 0.6416015625 0.6640625 0.044921875 0.25
 3 0.3779296875 0.65234375 0.029296875 0.28125
 3 0.26171875 0.662109375 0.05078125 0.26171875
 3 0.60546875 0.365234375 0.046875 0.23828125
 3 0.2724609375 0.3984375 0.083984375 0.1875
 3 0.2275390625 0.4609375 0.072265625 0.1875
