 1 0.6875 0.37109375 0.05078125 0.234375
 1 0.63671875 0.638671875 0.0390625 0.25390625
 1 0.3115234375 0.35546875 0.056640625 0.203125
 3 0.6220703125 0.34765625 0.029296875 0.28125
 3 0.73828125 0.337890625 0.05078125 0.26171875
 3 0.39453125 0.634765625 0.046875 0.23828125
 3 0.7275390625 0.6015625 0.083984375 0.1875
 3 0.361328125 0.611328125 0.0390625 0.21484375
 3 0.3076171875 0.61328125 0.083984375 0.2265625
 3 0.3583984375 0.3359375 0.044921875 0.25
 3 0.7724609375 0.5390625 0.072265625 0.1875
