6 0.6875 0.62890625 0.05078125 0.234375 
6 0.63671875 0.361328125 0.0390625 0.25390625 
6 0.3115234375 0.64453125 0.056640625 0.203125 
6 0.3076171875 0.38671875 0.083984375 0.2265625 
6 0.361328125 0.388671875 0.0390625 0.21484375 
6 0.39453125 0.365234375 0.046875 0.23828125 
6 0.7275390625 0.3984375 0.083984375 0.1875 
6 0.7724609375 0.4609375 0.072265625 0.1875 
6 0.3583984375 0.6640625 0.044921875 0.25 
6 0.73828125 0.662109375 0.05078125 0.26171875 
6 0.6220703125 0.65234375 0.029296875 0.28125 
