6 0.59375 0.490234375 0.03125 0.16796875 
6 0.408203125 0.689453125 0.0390625 0.17578125 
6 0.5888671875 0.697265625 0.037109375 0.19140625 
6 0.67578125 0.482421875 0.04296875 0.16796875 
6 0.630859375 0.48828125 0.046875 0.1484375 
6 0.3681640625 0.681640625 0.060546875 0.19921875 
6 0.6796875 0.6640625 0.0625 0.171875 
6 0.62890625 0.685546875 0.0625 0.18359375 
6 0.3564453125 0.484375 0.048828125 0.171875 
6 0.3115234375 0.478515625 0.041015625 0.16796875 
6 0.314453125 0.658203125 0.06640625 0.16015625 
