 1 0.7255859375 0.42578125 0.068359375 0.234375
 1 0.2490234375 0.451171875 0.068359375 0.23828125
 1 0.302734375 0.431640625 0.0625 0.24609375
 1 0.5849609375 0.416015625 0.041015625 0.23828125
 3 0.671875 0.419921875 0.06640625 0.22265625
 3 0.3515625 0.42578125 0.0390625 0.25
 3 0.6494140625 0.681640625 0.041015625 0.23828125
 3 0.3349609375 0.703125 0.029296875 0.2421875
 3 0.3671875 0.66796875 0.03125 0.1953125
 3 0.6240234375 0.408203125 0.037109375 0.23828125
 3 0.2392578125 0.693359375 0.056640625 0.22265625
