 1 0.455078125 0.525390625 0.0234375 0.08203125
 1 0.49609375 0.517578125 0.015625 0.08203125
 1 0.5380859375 0.51953125 0.025390625 0.0859375
 1 0.55859375 0.51953125 0.01953125 0.09375
 1 0.6669921875 0.521484375 0.037109375 0.11328125
 1 0.3740234375 0.36328125 0.060546875 0.171875
 1 0.67578125 0.369140625 0.0625 0.16015625
 1 0.3505859375 0.53125 0.033203125 0.09375
 3 0.5146484375 0.587890625 0.025390625 0.21484375
 3 0.4765625 0.5859375 0.0234375 0.203125
 3 0.4326171875 0.580078125 0.029296875 0.21484375
 3 0.40625 0.583984375 0.03125 0.20703125
 3 0.3837890625 0.591796875 0.037109375 0.22265625
 3 0.62890625 0.353515625 0.05859375 0.16796875
 3 0.580078125 0.572265625 0.0234375 0.20703125
 3 0.6064453125 0.576171875 0.029296875 0.22265625
 3 0.634765625 0.57421875 0.02734375 0.21875
