6 0.697265625 0.529296875 0.0546875 0.15234375 
6 0.6552734375 0.51953125 0.048828125 0.21875 
6 0.619140625 0.525390625 0.03125 0.23046875 
6 0.3115234375 0.5078125 0.056640625 0.1796875 
6 0.3515625 0.521484375 0.04296875 0.19921875 
6 0.4111328125 0.544921875 0.029296875 0.15234375 
6 0.384765625 0.53515625 0.03125 0.1875 
6 0.587890625 0.72265625 0.03515625 0.15625 
6 0.4228515625 0.72265625 0.029296875 0.1640625 
6 0.388671875 0.70703125 0.046875 0.15625 
6 0.6171875 0.720703125 0.0390625 0.16015625 
6 0.345703125 0.75 0.02734375 0.1015625 
