 1 0.4013671875 0.55078125 0.029296875 0.1796875
 1 0.4072265625 0.35546875 0.041015625 0.1640625
 1 0.5908203125 0.39453125 0.025390625 0.0859375
 1 0.5498046875 0.5390625 0.017578125 0.15625
 1 0.5322265625 0.546875 0.021484375 0.171875
 3 0.380859375 0.369140625 0.03515625 0.16015625
 3 0.568359375 0.353515625 0.02734375 0.15234375
 3 0.6337890625 0.375 0.060546875 0.15625
 3 0.6416015625 0.572265625 0.052734375 0.17578125
 3 0.5791015625 0.54296875 0.044921875 0.15625
 3 0.3486328125 0.392578125 0.060546875 0.16015625
 3 0.3125 0.435546875 0.05859375 0.15234375
