 1 0.4677734375 0.546875 0.021484375 0.171875
 1 0.4501953125 0.5390625 0.017578125 0.15625
 1 0.4091796875 0.39453125 0.025390625 0.0859375
 1 0.5927734375 0.35546875 0.041015625 0.1640625
 1 0.5986328125 0.55078125 0.029296875 0.1796875
 3 0.6875 0.435546875 0.05859375 0.15234375
 3 0.6513671875 0.392578125 0.060546875 0.16015625
 3 0.4208984375 0.54296875 0.044921875 0.15625
 3 0.3583984375 0.572265625 0.052734375 0.17578125
 3 0.3662109375 0.375 0.060546875 0.15625
 3 0.431640625 0.353515625 0.02734375 0.15234375
 3 0.619140625 0.369140625 0.03515625 0.16015625
