6 0.6796875 0.6484375 0.06640625 0.1640625 
6 0.6240234375 0.68359375 0.048828125 0.1875 
6 0.4423828125 0.689453125 0.033203125 0.20703125 
6 0.6435546875 0.45703125 0.041015625 0.15625 
6 0.72265625 0.42578125 0.05859375 0.171875 
6 0.681640625 0.4453125 0.046875 0.1640625 
6 0.359375 0.470703125 0.05859375 0.16796875 
6 0.3701171875 0.68359375 0.068359375 0.1796875 
6 0.30859375 0.474609375 0.05078125 0.16796875 
6 0.7255859375 0.6171875 0.064453125 0.15625 
6 0.4140625 0.673828125 0.03125 0.13671875 
