 1 0.5986328125 0.455078125 0.029296875 0.18359375
 1 0.4130859375 0.6640625 0.060546875 0.171875
 1 0.623046875 0.435546875 0.02734375 0.19921875
 1 0.6904296875 0.400390625 0.041015625 0.15234375
 1 0.6103515625 0.66796875 0.048828125 0.1796875
 1 0.6494140625 0.642578125 0.080078125 0.17578125
 1 0.42578125 0.435546875 0.03125 0.19140625
 1 0.3916015625 0.41796875 0.033203125 0.203125
 1 0.3544921875 0.4140625 0.044921875 0.1875
 1 0.3125 0.58984375 0.08203125 0.1796875
 1 0.6875 0.591796875 0.0859375 0.16796875
 3 0.6494140625 0.4140625 0.037109375 0.1796875
 3 0.36328125 0.640625 0.0859375 0.171875
 3 0.451171875 0.458984375 0.0234375 0.16015625
