7 0.466796875 0.552734375 0.01953125 0.12890625 
6 0.5712890625 0.5390625 0.017578125 0.1640625 
6 0.3408203125 0.53515625 0.033203125 0.125 
6 0.591796875 0.517578125 0.0234375 0.16015625 
6 0.51953125 0.357421875 0.0234375 0.15234375 
6 0.42578125 0.54296875 0.0234375 0.15625 
6 0.40625 0.53515625 0.0234375 0.1640625 
6 0.375 0.525390625 0.0390625 0.15234375 
6 0.6591796875 0.537109375 0.041015625 0.14453125 
6 0.6220703125 0.5234375 0.041015625 0.1640625 
6 0.3359375 0.380859375 0.0703125 0.14453125 
6 0.427734375 0.349609375 0.03125 0.15234375 
6 0.5419921875 0.36328125 0.029296875 0.140625 
