6 0.607421875 0.474609375 0.0234375 0.16015625 
6 0.595703125 0.650390625 0.03515625 0.18359375 
6 0.6328125 0.642578125 0.046875 0.19921875 
6 0.5546875 0.529296875 0.02734375 0.09765625 
6 0.5263671875 0.4921875 0.029296875 0.203125 
6 0.5830078125 0.466796875 0.029296875 0.20703125 
6 0.341796875 0.44921875 0.05078125 0.171875 
6 0.3212890625 0.623046875 0.083984375 0.18359375 
6 0.37890625 0.638671875 0.0390625 0.19921875 
6 0.421875 0.45703125 0.0390625 0.1875 
6 0.390625 0.443359375 0.03125 0.17578125 
