6 0.328125 0.720703125 0.06640625 0.19140625 
6 0.6201171875 0.71875 0.052734375 0.2109375 
6 0.6484375 0.525390625 0.05859375 0.16796875 
6 0.650390625 0.708984375 0.0546875 0.20703125 
6 0.7138671875 0.67578125 0.087890625 0.1796875 
6 0.671875 0.701171875 0.0625 0.18359375 
2 0.716796875 0.43359375 0.06640625 0.1171875 
2 0.2646484375 0.453125 0.048828125 0.1640625 
2 0.767578125 0.65234375 0.0703125 0.125 
2 0.240234375 0.69140625 0.0625 0.140625 
6 0.3193359375 0.529296875 0.037109375 0.17578125 
6 0.35546875 0.53515625 0.03515625 0.1875 
6 0.380859375 0.53515625 0.0390625 0.1875 
