6 0.6064453125 0.548828125 0.033203125 0.26171875 
6 0.271484375 0.548828125 0.0546875 0.26171875 
6 0.337890625 0.251953125 0.03125 0.26171875 
6 0.3720703125 0.255859375 0.033203125 0.23828125 
6 0.296875 0.26953125 0.05859375 0.25 
6 0.2490234375 0.28125 0.056640625 0.234375 
6 0.6318359375 0.259765625 0.037109375 0.25390625 
6 0.669921875 0.25390625 0.04296875 0.2734375 
6 0.634765625 0.55078125 0.02734375 0.2578125 
6 0.677734375 0.552734375 0.046875 0.25390625 
6 0.703125 0.271484375 0.046875 0.26171875 
6 0.7490234375 0.29296875 0.052734375 0.2421875 
6 0.37109375 0.5390625 0.03515625 0.2421875 
6 0.404296875 0.548828125 0.03515625 0.29296875 
6 0.3251953125 0.55078125 0.056640625 0.2734375 
6 0.724609375 0.556640625 0.0546875 0.23046875 
