6 0.2509765625 0.70703125 0.052734375 0.2421875 
6 0.62890625 0.4609375 0.03515625 0.2421875 
6 0.595703125 0.451171875 0.03515625 0.29296875 
6 0.296875 0.728515625 0.046875 0.26171875 
6 0.703125 0.73046875 0.05859375 0.25 
6 0.7509765625 0.71875 0.056640625 0.234375 
6 0.3681640625 0.740234375 0.037109375 0.25390625 
6 0.330078125 0.74609375 0.04296875 0.2734375 
6 0.6279296875 0.744140625 0.033203125 0.23828125 
6 0.728515625 0.451171875 0.0546875 0.26171875 
6 0.662109375 0.748046875 0.03125 0.26171875 
6 0.322265625 0.447265625 0.046875 0.25390625 
6 0.365234375 0.44921875 0.02734375 0.2578125 
6 0.3935546875 0.451171875 0.033203125 0.26171875 
6 0.275390625 0.443359375 0.0546875 0.23046875 
6 0.6748046875 0.44921875 0.056640625 0.2734375 
