7 0.7607421875 0.396484375 0.041015625 0.11328125 
7 0.6025390625 0.359375 0.041015625 0.21875 
7 0.5703125 0.357421875 0.03125 0.19921875 
7 0.66796875 0.583984375 0.03515625 0.18359375 
7 0.2431640625 0.38671875 0.041015625 0.1171875 
7 0.447265625 0.34765625 0.0390625 0.1875 
7 0.4853515625 0.369140625 0.041015625 0.17578125 
7 0.5322265625 0.35546875 0.041015625 0.203125 
7 0.6357421875 0.587890625 0.029296875 0.18359375 
7 0.7490234375 0.576171875 0.021484375 0.10546875 
7 0.7099609375 0.583984375 0.052734375 0.09765625 
6 0.669921875 0.400390625 0.03125 0.17578125 
6 0.3486328125 0.587890625 0.037109375 0.19921875 
6 0.2294921875 0.54296875 0.091796875 0.171875 
6 0.3388671875 0.3828125 0.072265625 0.21875 
6 0.6337890625 0.388671875 0.033203125 0.19140625 
