 1 0.4111328125 0.5234375 0.029296875 0.1640625
 1 0.5849609375 0.498046875 0.033203125 0.19140625
 1 0.625 0.716796875 0.03125 0.19921875
 1 0.3076171875 0.513671875 0.044921875 0.16796875
 1 0.61328125 0.49609375 0.02734375 0.1953125
 1 0.640625 0.53515625 0.02734375 0.1015625
 1 0.71875 0.49609375 0.05078125 0.1796875
 1 0.669921875 0.69921875 0.0703125 0.1796875
 1 0.2744140625 0.66796875 0.083984375 0.1640625
 3 0.3271484375 0.71875 0.044921875 0.1796875
 3 0.3671875 0.71484375 0.0390625 0.171875
 3 0.673828125 0.490234375 0.046875 0.18359375
 3 0.380859375 0.517578125 0.03125 0.18359375
 3 0.466796875 0.505859375 0.0234375 0.17578125
