6 0.37890625 0.626953125 0.046875 0.16015625 
6 0.4111328125 0.64453125 0.048828125 0.2265625 
6 0.58203125 0.6640625 0.0390625 0.1953125 
6 0.5791015625 0.490234375 0.041015625 0.15234375 
6 0.46875 0.484375 0.03125 0.21875 
6 0.615234375 0.650390625 0.04296875 0.16796875 
6 0.666015625 0.654296875 0.078125 0.17578125 
6 0.33203125 0.630859375 0.0703125 0.17578125 
6 0.3603515625 0.4609375 0.044921875 0.1875 
6 0.7138671875 0.623046875 0.095703125 0.16796875 
6 0.53515625 0.49609375 0.0234375 0.2109375 
6 0.6416015625 0.46875 0.048828125 0.1796875 
6 0.6826171875 0.45703125 0.052734375 0.1875 
