6 0.640625 0.611328125 0.046875 0.24609375 
6 0.3173828125 0.625 0.080078125 0.2421875 
6 0.6923828125 0.611328125 0.083984375 0.23828125 
6 0.255859375 0.615234375 0.078125 0.23046875 
6 0.603515625 0.35546875 0.03515625 0.2265625 
6 0.27734375 0.373046875 0.05859375 0.19140625 
6 0.37109375 0.642578125 0.04296875 0.20703125 
6 0.3515625 0.37890625 0.03515625 0.203125 
6 0.7578125 0.5859375 0.08203125 0.234375 
6 0.390625 0.37890625 0.0390625 0.2265625 
6 0.73046875 0.330078125 0.05859375 0.24609375 
6 0.673828125 0.3359375 0.0625 0.2265625 
