6 0.7265625 0.5859375 0.05078125 0.15625 
6 0.5732421875 0.58984375 0.037109375 0.140625 
6 0.4453125 0.59765625 0.03125 0.1484375 
6 0.3779296875 0.5859375 0.029296875 0.125 
6 0.541015625 0.51953125 0.0625 0.28125 
6 0.306640625 0.515625 0.05078125 0.2734375 
6 0.349609375 0.5234375 0.03515625 0.2578125 
6 0.3974609375 0.73828125 0.029296875 0.1640625 
6 0.4111328125 0.533203125 0.041015625 0.23828125 
6 0.6943359375 0.529296875 0.037109375 0.27734375 
6 0.654296875 0.5234375 0.04296875 0.265625 
6 0.6044921875 0.51953125 0.041015625 0.25 
6 0.6015625 0.734375 0.02734375 0.171875 
6 0.486328125 0.521484375 0.046875 0.29296875 
