7 0.607421875 0.5234375 0.03125 0.1953125 
7 0.453125 0.51171875 0.0234375 0.1640625 
6 0.4765625 0.521484375 0.03125 0.19921875 
6 0.607421875 0.5234375 0.03125 0.1953125 
6 0.7353515625 0.48828125 0.037109375 0.1875 
6 0.544921875 0.5234375 0.02734375 0.1796875 
6 0.51171875 0.521484375 0.03515625 0.19140625 
6 0.6162109375 0.69921875 0.037109375 0.15625 
6 0.380859375 0.703125 0.03515625 0.1796875 
6 0.6552734375 0.533203125 0.044921875 0.18359375 
6 0.697265625 0.525390625 0.0390625 0.19140625 
2 0.234375 0.619140625 0.09375 0.12109375 
