6 0.4326171875 0.392578125 0.033203125 0.21484375 
6 0.6728515625 0.435546875 0.025390625 0.16015625 
6 0.439453125 0.552734375 0.03125 0.06640625 
6 0.6298828125 0.62890625 0.037109375 0.203125 
6 0.357421875 0.62109375 0.06640625 0.203125 
6 0.2958984375 0.623046875 0.072265625 0.21484375 
6 0.4052734375 0.625 0.037109375 0.2109375 
6 0.708984375 0.419921875 0.046875 0.18359375 
6 0.64453125 0.41015625 0.02734375 0.21875 
6 0.6181640625 0.41015625 0.044921875 0.21875 
6 0.396484375 0.40625 0.0625 0.1875 
6 0.3408203125 0.40625 0.068359375 0.2109375 
6 0.294921875 0.412109375 0.0625 0.19921875 
6 0.7001953125 0.59765625 0.064453125 0.15625 
