7 0.384765625 0.400390625 0.0546875 0.19140625 
6 0.6298828125 0.638671875 0.044921875 0.17578125 
6 0.384765625 0.60546875 0.0859375 0.171875 
6 0.6630859375 0.625 0.056640625 0.171875 
6 0.6865234375 0.427734375 0.033203125 0.18359375 
6 0.654296875 0.43359375 0.03515625 0.1640625 
6 0.3037109375 0.40234375 0.048828125 0.1484375 
6 0.453125 0.439453125 0.01953125 0.16015625 
6 0.4306640625 0.443359375 0.025390625 0.13671875 
6 0.3388671875 0.408203125 0.033203125 0.17578125 
6 0.421875 0.615234375 0.046875 0.18359375 
6 0.4599609375 0.62890625 0.037109375 0.1875 
6 0.478515625 0.412109375 0.0234375 0.19921875 
6 0.6015625 0.451171875 0.02734375 0.14453125 
6 0.625 0.439453125 0.02734375 0.14453125 
