7 0.384765625 0.599609375 0.0546875 0.19140625 
6 0.4306640625 0.556640625 0.025390625 0.13671875 
6 0.3388671875 0.591796875 0.033203125 0.17578125 
6 0.453125 0.560546875 0.01953125 0.16015625 
6 0.3037109375 0.59765625 0.048828125 0.1484375 
6 0.654296875 0.56640625 0.03515625 0.1640625 
6 0.6865234375 0.572265625 0.033203125 0.18359375 
6 0.6298828125 0.361328125 0.044921875 0.17578125 
6 0.384765625 0.39453125 0.0859375 0.171875 
6 0.6630859375 0.375 0.056640625 0.171875 
6 0.421875 0.384765625 0.046875 0.18359375 
6 0.4599609375 0.37109375 0.037109375 0.1875 
6 0.478515625 0.587890625 0.0234375 0.19921875 
6 0.625 0.560546875 0.02734375 0.14453125 
6 0.6015625 0.548828125 0.02734375 0.14453125 
