6 0.7646484375 0.591796875 0.068359375 0.16015625 
6 0.5830078125 0.5078125 0.037109375 0.0625 
6 0.599609375 0.626953125 0.04296875 0.15234375 
6 0.7197265625 0.447265625 0.056640625 0.17578125 
6 0.619140625 0.517578125 0.0390625 0.06640625 
6 0.666015625 0.470703125 0.0546875 0.16015625 
2 0.7587890625 0.38671875 0.060546875 0.140625 
6 0.3720703125 0.4609375 0.029296875 0.1796875 
6 0.6474609375 0.63671875 0.072265625 0.1953125 
6 0.7041015625 0.630859375 0.072265625 0.18359375 
6 0.3486328125 0.46875 0.029296875 0.1953125 
