6 0.666015625 0.529296875 0.0546875 0.16015625 
6 0.619140625 0.482421875 0.0390625 0.06640625 
6 0.7646484375 0.408203125 0.068359375 0.16015625 
6 0.5830078125 0.4921875 0.037109375 0.0625 
6 0.7197265625 0.552734375 0.056640625 0.17578125 
6 0.599609375 0.373046875 0.04296875 0.15234375 
2 0.7587890625 0.61328125 0.060546875 0.140625 
6 0.3486328125 0.53125 0.029296875 0.1953125 
6 0.7041015625 0.369140625 0.072265625 0.18359375 
6 0.6474609375 0.36328125 0.072265625 0.1953125 
6 0.3720703125 0.5390625 0.029296875 0.1796875 
