7 0.45703125 0.431640625 0.03125 0.18359375 
7 0.33984375 0.625 0.05859375 0.15625 
7 0.4873046875 0.4375 0.033203125 0.1796875 
7 0.521484375 0.443359375 0.03515625 0.17578125 
6 0.5751953125 0.64453125 0.033203125 0.1875 
6 0.283203125 0.455078125 0.046875 0.15234375 
6 0.2841796875 0.630859375 0.068359375 0.16015625 
6 0.6416015625 0.646484375 0.037109375 0.18359375 
6 0.408203125 0.427734375 0.05078125 0.18359375 
6 0.71484375 0.46875 0.0625 0.171875 
6 0.6416015625 0.4609375 0.044921875 0.15625 
6 0.599609375 0.46484375 0.046875 0.1328125 
6 0.60546875 0.650390625 0.03125 0.19140625 
6 0.423828125 0.63671875 0.0390625 0.1796875 
6 0.3896484375 0.640625 0.044921875 0.1875 
6 0.3330078125 0.458984375 0.056640625 0.15234375 
