6 0.6796875 0.462890625 0.04296875 0.19140625 
6 0.51953125 0.4765625 0.03515625 0.1171875 
6 0.4609375 0.486328125 0.03125 0.11328125 
6 0.3583984375 0.705078125 0.056640625 0.18359375 
6 0.5751953125 0.685546875 0.037109375 0.24609375 
6 0.5439453125 0.662109375 0.025390625 0.21484375 
6 0.5244140625 0.650390625 0.021484375 0.19921875 
6 0.48828125 0.48046875 0.02734375 0.1171875 
6 0.50390625 0.65234375 0.03515625 0.1875 
6 0.3349609375 0.48046875 0.048828125 0.1875 
6 0.4423828125 0.693359375 0.037109375 0.20703125 
6 0.4052734375 0.697265625 0.041015625 0.18359375 
6 0.6728515625 0.712890625 0.044921875 0.18359375 
6 0.6337890625 0.705078125 0.029296875 0.18359375 
6 0.6484375 0.462890625 0.03515625 0.19921875 
6 0.611328125 0.466796875 0.0390625 0.19140625 
6 0.5517578125 0.44140625 0.033203125 0.1796875 
6 0.3994140625 0.47265625 0.041015625 0.1953125 
6 0.3662109375 0.4765625 0.044921875 0.1953125 
6 0.6025390625 0.708984375 0.025390625 0.18359375 
6 0.3037109375 0.6875 0.064453125 0.1875 
6 0.28515625 0.490234375 0.05078125 0.16015625 
6 0.423828125 0.44140625 0.0390625 0.21875 
