6 0.4560546875 0.337890625 0.025390625 0.21484375 
6 0.4755859375 0.349609375 0.021484375 0.19921875 
6 0.49609375 0.34765625 0.03515625 0.1875 
6 0.4248046875 0.314453125 0.037109375 0.24609375 
6 0.3203125 0.537109375 0.04296875 0.19140625 
6 0.51171875 0.51953125 0.02734375 0.1171875 
6 0.5390625 0.513671875 0.03125 0.11328125 
6 0.6416015625 0.294921875 0.056640625 0.18359375 
6 0.48046875 0.5234375 0.03515625 0.1171875 
6 0.3662109375 0.294921875 0.029296875 0.18359375 
6 0.3271484375 0.287109375 0.044921875 0.18359375 
6 0.5947265625 0.302734375 0.041015625 0.18359375 
6 0.5576171875 0.306640625 0.037109375 0.20703125 
6 0.6650390625 0.51953125 0.048828125 0.1875 
6 0.6337890625 0.5234375 0.044921875 0.1953125 
6 0.6005859375 0.52734375 0.041015625 0.1953125 
6 0.4482421875 0.55859375 0.033203125 0.1796875 
6 0.388671875 0.533203125 0.0390625 0.19140625 
6 0.3974609375 0.291015625 0.025390625 0.18359375 
6 0.3515625 0.537109375 0.03515625 0.19921875 
6 0.6962890625 0.3125 0.064453125 0.1875 
6 0.71484375 0.509765625 0.05078125 0.16015625 
6 0.576171875 0.55859375 0.0390625 0.21875 
