6 0.5205078125 0.515625 0.037109375 0.15625 
6 0.5830078125 0.505859375 0.033203125 0.12890625 
6 0.6328125 0.53125 0.0390625 0.109375 
6 0.6640625 0.591796875 0.05078125 0.17578125 
6 0.703125 0.630859375 0.05078125 0.16796875 
6 0.7265625 0.46875 0.07421875 0.1640625 
6 0.6767578125 0.4140625 0.076171875 0.171875 
6 0.6376953125 0.384765625 0.052734375 0.16796875 
6 0.3056640625 0.6484375 0.064453125 0.1640625 
6 0.345703125 0.623046875 0.0546875 0.19140625 
6 0.37890625 0.603515625 0.0390625 0.19921875 
6 0.29296875 0.486328125 0.0859375 0.16796875 
6 0.341796875 0.4375 0.08203125 0.171875 
6 0.3876953125 0.408203125 0.052734375 0.16015625 
6 0.4208984375 0.3671875 0.052734375 0.1640625 
6 0.5380859375 0.34765625 0.029296875 0.1328125 
6 0.576171875 0.34375 0.046875 0.171875 
6 0.6083984375 0.35546875 0.048828125 0.1796875 
6 0.447265625 0.525390625 0.03125 0.14453125 
6 0.451171875 0.34765625 0.0546875 0.15625 
6 0.4892578125 0.345703125 0.029296875 0.13671875 
6 0.5146484375 0.349609375 0.025390625 0.12109375 
6 0.482421875 0.58203125 0.04296875 0.296875 
6 0.4130859375 0.6015625 0.041015625 0.2734375 
6 0.6064453125 0.58984375 0.044921875 0.25 
6 0.55078125 0.576171875 0.03125 0.27734375 
