6 0.3359375 0.408203125 0.05078125 0.17578125 
6 0.296875 0.369140625 0.05078125 0.16796875 
6 0.2734375 0.53125 0.07421875 0.1640625 
6 0.3623046875 0.615234375 0.052734375 0.16796875 
6 0.3671875 0.46875 0.0390625 0.109375 
6 0.4169921875 0.494140625 0.033203125 0.12890625 
6 0.4794921875 0.484375 0.037109375 0.15625 
6 0.552734375 0.474609375 0.03125 0.14453125 
6 0.3916015625 0.64453125 0.048828125 0.1796875 
6 0.423828125 0.65625 0.046875 0.171875 
6 0.4619140625 0.65234375 0.029296875 0.1328125 
6 0.3232421875 0.5859375 0.076171875 0.171875 
6 0.4853515625 0.650390625 0.025390625 0.12109375 
6 0.548828125 0.65234375 0.0546875 0.15625 
6 0.5791015625 0.6328125 0.052734375 0.1640625 
6 0.6123046875 0.591796875 0.052734375 0.16015625 
6 0.658203125 0.5625 0.08203125 0.171875 
6 0.70703125 0.513671875 0.0859375 0.16796875 
6 0.62109375 0.396484375 0.0390625 0.19921875 
6 0.654296875 0.376953125 0.0546875 0.19140625 
6 0.6943359375 0.3515625 0.064453125 0.1640625 
6 0.5107421875 0.654296875 0.029296875 0.13671875 
6 0.44921875 0.423828125 0.03125 0.27734375 
6 0.3935546875 0.41015625 0.044921875 0.25 
6 0.5869140625 0.3984375 0.041015625 0.2734375 
6 0.517578125 0.41796875 0.04296875 0.296875 
