6 0.3251953125 0.693359375 0.025390625 0.12109375 
6 0.275390625 0.705078125 0.08203125 0.15234375 
6 0.2802734375 0.50390625 0.044921875 0.1796875 
6 0.32421875 0.513671875 0.0390625 0.14453125 
6 0.359375 0.5 0.03515625 0.1796875 
6 0.35546875 0.7109375 0.03515625 0.171875 
6 0.671875 0.48046875 0.04296875 0.140625 
6 0.6298828125 0.451171875 0.037109375 0.16796875 
6 0.6640625 0.6875 0.03125 0.1640625 
6 0.6982421875 0.701171875 0.029296875 0.12109375 
6 0.7080078125 0.478515625 0.033203125 0.13671875 
