6 0.6494140625 0.47265625 0.037109375 0.09375 
6 0.3583984375 0.521484375 0.037109375 0.10546875 
6 0.4296875 0.546875 0.0390625 0.078125 
6 0.4736328125 0.548828125 0.048828125 0.10546875 
6 0.3740234375 0.326171875 0.037109375 0.19921875 
6 0.328125 0.365234375 0.0546875 0.09765625 
6 0.2685546875 0.318359375 0.064453125 0.19140625 
6 0.6279296875 0.525390625 0.060546875 0.14453125 
6 0.533203125 0.58984375 0.0703125 0.2109375 
6 0.3837890625 0.587890625 0.052734375 0.19140625 
6 0.3212890625 0.5234375 0.048828125 0.15625 
6 0.69140625 0.46875 0.0625 0.1875 
6 0.58984375 0.576171875 0.06640625 0.19921875 
