7 0.248046875 0.54296875 0.0703125 0.140625 
6 0.708984375 0.38671875 0.05859375 0.21875 
6 0.439453125 0.373046875 0.0390625 0.21484375 
6 0.3232421875 0.361328125 0.056640625 0.22265625 
6 0.3720703125 0.3984375 0.037109375 0.1328125 
6 0.4052734375 0.427734375 0.029296875 0.08203125 
6 0.3837890625 0.58984375 0.044921875 0.171875 
6 0.2685546875 0.3671875 0.052734375 0.2109375 
6 0.755859375 0.404296875 0.03515625 0.13671875 
6 0.298828125 0.591796875 0.09765625 0.20703125 
6 0.6572265625 0.376953125 0.041015625 0.22265625 
6 0.6015625 0.36328125 0.03125 0.2265625 
