6 0.400390625 0.359375 0.03515625 0.21875 
6 0.6591796875 0.59375 0.041015625 0.1875 
6 0.3505859375 0.337890625 0.072265625 0.25390625 
6 0.3310546875 0.609375 0.037109375 0.2421875 
6 0.2421875 0.39453125 0.07421875 0.2578125 
6 0.609375 0.357421875 0.03515625 0.19140625 
6 0.6416015625 0.37109375 0.044921875 0.1953125 
6 0.6904296875 0.37109375 0.064453125 0.2265625 
6 0.701171875 0.626953125 0.0546875 0.24609375 
6 0.751953125 0.638671875 0.05078125 0.30078125 
6 0.255859375 0.638671875 0.05859375 0.25390625 
