6 0.3642578125 0.568359375 0.025390625 0.20703125 
6 0.2919921875 0.572265625 0.048828125 0.17578125 
6 0.3466796875 0.34765625 0.052734375 0.1953125 
6 0.296875 0.36328125 0.0625 0.1953125 
6 0.38671875 0.34765625 0.03515625 0.2109375 
6 0.59765625 0.568359375 0.02734375 0.19140625 
6 0.623046875 0.568359375 0.03125 0.19921875 
6 0.66015625 0.5625 0.046875 0.1953125 
6 0.70703125 0.56640625 0.0546875 0.171875 
6 0.6474609375 0.3359375 0.060546875 0.2109375 
6 0.6923828125 0.359375 0.060546875 0.203125 
