6 0.375 0.501953125 0.0234375 0.17578125 
6 0.310546875 0.6328125 0.0625 0.1484375 
6 0.3984375 0.556640625 0.02734375 0.08203125 
6 0.576171875 0.673828125 0.02734375 0.14453125 
6 0.5517578125 0.6875 0.025390625 0.15625 
6 0.443359375 0.681640625 0.0234375 0.12890625 
6 0.4189453125 0.681640625 0.025390625 0.14453125 
6 0.4228515625 0.490234375 0.029296875 0.19140625 
6 0.591796875 0.4921875 0.03125 0.1640625 
6 0.623046875 0.482421875 0.03125 0.16015625 
6 0.6884765625 0.59765625 0.060546875 0.140625 
6 0.3583984375 0.654296875 0.064453125 0.14453125 
