 1 0.5810546875 0.724609375 0.021484375 0.17578125
 1 0.353515625 0.50390625 0.0234375 0.15625
 1 0.375 0.513671875 0.02734375 0.17578125
 1 0.40234375 0.5078125 0.0234375 0.1796875
 1 0.4404296875 0.505859375 0.025390625 0.18359375
 1 0.5966796875 0.513671875 0.029296875 0.15234375
 1 0.6201171875 0.525390625 0.037109375 0.17578125
 1 0.6552734375 0.521484375 0.041015625 0.19921875
 1 0.6982421875 0.5234375 0.037109375 0.203125
 1 0.61328125 0.7265625 0.03515625 0.171875
 1 0.37890625 0.724609375 0.0390625 0.17578125
 1 0.333984375 0.6953125 0.078125 0.15625
 1 0.2900390625 0.650390625 0.068359375 0.16015625
 1 0.408203125 0.736328125 0.04296875 0.16796875
