 1 0.3857421875 0.419921875 0.037109375 0.13671875
 1 0.31640625 0.62890625 0.04296875 0.1796875
 1 0.4384765625 0.6171875 0.037109375 0.2109375
 1 0.458984375 0.5546875 0.02734375 0.1171875
 1 0.455078125 0.412109375 0.04296875 0.12109375
 1 0.537109375 0.5546875 0.01953125 0.109375
 3 0.62109375 0.34375 0.046875 0.2421875
 3 0.57421875 0.34375 0.0546875 0.21875
 3 0.5302734375 0.34375 0.048828125 0.21875
 3 0.4912109375 0.359375 0.033203125 0.21875
 3 0.4208984375 0.3671875 0.033203125 0.2265625
 3 0.34765625 0.390625 0.05078125 0.21875
 3 0.5146484375 0.591796875 0.029296875 0.19140625
 3 0.5615234375 0.625 0.029296875 0.234375
 3 0.5859375 0.625 0.02734375 0.2109375
 3 0.6123046875 0.62109375 0.033203125 0.2265625
 3 0.6494140625 0.607421875 0.048828125 0.18359375
 3 0.3583984375 0.630859375 0.044921875 0.19140625
 3 0.40625 0.626953125 0.046875 0.22265625
 3 0.4853515625 0.611328125 0.025390625 0.23046875
