 0 0.3046875 0.345703125 0.046875 0.10546875
 1 0.349609375 0.33984375 0.03515625 0.21875
 1 0.251953125 0.380859375 0.06640625 0.19140625
 1 0.2421875 0.59765625 0.046875 0.171875
 1 0.2900390625 0.59765625 0.056640625 0.1796875
 1 0.7587890625 0.626953125 0.060546875 0.16015625
 1 0.7099609375 0.62890625 0.060546875 0.1875
 1 0.6845703125 0.3671875 0.080078125 0.2265625
 1 0.7451171875 0.3984375 0.072265625 0.2109375
 2 0.212890625 0.705078125 0.0546875 0.12109375
 2 0.787109375 0.72265625 0.0546875 0.1171875
