 1 0.396484375 0.328125 0.046875 0.1875
 1 0.3544921875 0.3359375 0.064453125 0.171875
 1 0.708984375 0.365234375 0.0625 0.16796875
 1 0.630859375 0.552734375 0.03125 0.18359375
 1 0.603515625 0.54296875 0.0390625 0.1953125
 1 0.2998046875 0.55859375 0.048828125 0.1875
 1 0.345703125 0.552734375 0.03515625 0.18359375
 1 0.3828125 0.541015625 0.03515625 0.19921875
 1 0.7080078125 0.56640625 0.048828125 0.1953125
 3 0.6669921875 0.544921875 0.044921875 0.19140625
 3 0.3017578125 0.3515625 0.072265625 0.1796875
 3 0.6630859375 0.330078125 0.044921875 0.20703125
