 1 0.4638671875 0.625 0.021484375 0.0859375
 1 0.67578125 0.439453125 0.05078125 0.15234375
 1 0.630859375 0.44921875 0.0390625 0.140625
 1 0.4521484375 0.46484375 0.025390625 0.15625
 1 0.4248046875 0.462890625 0.041015625 0.18359375
 1 0.396484375 0.478515625 0.0390625 0.16796875
 1 0.359375 0.498046875 0.05078125 0.16796875
 1 0.2861328125 0.630859375 0.068359375 0.16015625
 1 0.59375 0.65234375 0.04296875 0.1796875
 1 0.5556640625 0.64453125 0.033203125 0.15625
 1 0.6337890625 0.63671875 0.037109375 0.1875
 3 0.6826171875 0.599609375 0.072265625 0.12890625
 3 0.5986328125 0.443359375 0.025390625 0.16796875
 3 0.5703125 0.4375 0.03125 0.1796875
 3 0.5302734375 0.447265625 0.025390625 0.17578125
 3 0.4423828125 0.666015625 0.025390625 0.17578125
 3 0.5009765625 0.662109375 0.017578125 0.18359375
 3 0.4814453125 0.654296875 0.017578125 0.14453125
