6 0.6240234375 0.671875 0.033203125 0.140625 
6 0.6064453125 0.513671875 0.029296875 0.16015625 
6 0.3955078125 0.515625 0.044921875 0.140625 
6 0.3955078125 0.689453125 0.044921875 0.19921875 
6 0.349609375 0.677734375 0.0546875 0.19140625 
6 0.2978515625 0.65234375 0.060546875 0.15625 
6 0.3525390625 0.51953125 0.044921875 0.1328125 
6 0.6689453125 0.67578125 0.056640625 0.171875 
6 0.6650390625 0.51171875 0.044921875 0.1484375 
6 0.716796875 0.650390625 0.0625 0.18359375 
6 0.3037109375 0.494140625 0.048828125 0.16015625 
6 0.634765625 0.501953125 0.01953125 0.17578125 
