 1 0.6103515625 0.646484375 0.029296875 0.16796875
 1 0.509765625 0.486328125 0.0234375 0.10546875
 1 0.4833984375 0.4921875 0.029296875 0.1015625
 1 0.388671875 0.623046875 0.02734375 0.06640625
 1 0.416015625 0.6640625 0.02734375 0.15625
 1 0.65625 0.65625 0.06640625 0.171875
 1 0.3466796875 0.66015625 0.060546875 0.171875
 3 0.4521484375 0.43359375 0.037109375 0.2109375
 3 0.537109375 0.4296875 0.03125 0.2109375
 3 0.380859375 0.458984375 0.03125 0.19140625
 3 0.4052734375 0.4453125 0.025390625 0.2109375
