6 0.697265625 0.65625 0.05859375 0.1875 
6 0.58203125 0.65234375 0.0390625 0.1796875 
6 0.5263671875 0.60546875 0.025390625 0.09375 
6 0.5517578125 0.603515625 0.025390625 0.07421875 
6 0.4169921875 0.65234375 0.033203125 0.1796875 
6 0.3203125 0.611328125 0.02734375 0.07421875 
6 0.4501953125 0.646484375 0.033203125 0.18359375 
6 0.650390625 0.65234375 0.046875 0.171875 
6 0.2666015625 0.62890625 0.087890625 0.171875 
6 0.34765625 0.61328125 0.02734375 0.0859375 
6 0.4775390625 0.6015625 0.021484375 0.0859375 
6 0.5 0.6015625 0.02734375 0.09375 
6 0.6162109375 0.640625 0.033203125 0.15625 
6 0.3759765625 0.662109375 0.041015625 0.19140625 
