6 0.5546875 0.533203125 0.03515625 0.16796875 
6 0.4228515625 0.52734375 0.029296875 0.1484375 
6 0.3779296875 0.5234375 0.033203125 0.1640625 
6 0.3388671875 0.5 0.048828125 0.1640625 
6 0.2939453125 0.501953125 0.044921875 0.16015625 
6 0.2529296875 0.505859375 0.041015625 0.15234375 
6 0.3203125 0.3125 0.05078125 0.1640625 
6 0.404296875 0.33984375 0.03125 0.1875 
6 0.50390625 0.53125 0.02734375 0.171875 
6 0.5830078125 0.515625 0.021484375 0.1328125 
6 0.6083984375 0.517578125 0.037109375 0.15234375 
6 0.650390625 0.498046875 0.05078125 0.12890625 
6 0.5751953125 0.3359375 0.037109375 0.1875 
6 0.6064453125 0.328125 0.041015625 0.1796875 
6 0.646484375 0.330078125 0.0546875 0.16015625 
6 0.365234375 0.318359375 0.046875 0.18359375 
6 0.7021484375 0.326171875 0.056640625 0.15234375 
6 0.6943359375 0.505859375 0.041015625 0.17578125 
6 0.7353515625 0.498046875 0.044921875 0.16796875 
6 0.474609375 0.53515625 0.03125 0.1796875 
