6 0.5654296875 0.611328125 0.037109375 0.16015625 
6 0.6015625 0.6171875 0.0390625 0.1953125 
6 0.3525390625 0.43359375 0.033203125 0.203125 
6 0.419921875 0.4375 0.04296875 0.203125 
6 0.45703125 0.46484375 0.03515625 0.171875 
6 0.4833984375 0.470703125 0.033203125 0.18359375 
6 0.6103515625 0.4296875 0.033203125 0.1953125 
6 0.6376953125 0.42578125 0.033203125 0.1875 
6 0.6767578125 0.408203125 0.044921875 0.19921875 
6 0.7255859375 0.3828125 0.052734375 0.1796875 
6 0.3564453125 0.6015625 0.056640625 0.1484375 
6 0.57421875 0.474609375 0.03125 0.12890625 
6 0.5478515625 0.474609375 0.025390625 0.14453125 
6 0.51953125 0.47265625 0.03515625 0.1640625 
6 0.30859375 0.5859375 0.0859375 0.15625 
6 0.3154296875 0.41796875 0.052734375 0.1875 
