 1 0.2431640625 0.6953125 0.052734375 0.234375
 1 0.69921875 0.681640625 0.0546875 0.24609375
 1 0.65625 0.685546875 0.03125 0.24609375
 1 0.625 0.685546875 0.03515625 0.25390625
 1 0.2421875 0.4453125 0.0703125 0.2421875
 1 0.6357421875 0.41796875 0.041015625 0.2890625
 1 0.7470703125 0.69140625 0.048828125 0.2421875
 1 0.3486328125 0.439453125 0.044921875 0.26953125
 3 0.2998046875 0.44921875 0.060546875 0.2421875
 3 0.736328125 0.4375 0.0625 0.234375
 3 0.677734375 0.423828125 0.046875 0.25390625
 3 0.2900390625 0.69140625 0.056640625 0.25
 3 0.33203125 0.712890625 0.0390625 0.25390625
 3 0.37109375 0.72265625 0.0390625 0.2578125
