6 0.3125 0.498046875 0.046875 0.16796875 
6 0.3935546875 0.484375 0.037109375 0.1796875 
6 0.359375 0.498046875 0.0390625 0.16796875 
6 0.3095703125 0.69140625 0.064453125 0.171875 
6 0.59765625 0.46875 0.0390625 0.1796875 
6 0.591796875 0.681640625 0.03125 0.20703125 
6 0.69140625 0.498046875 0.05078125 0.19140625 
6 0.6240234375 0.673828125 0.025390625 0.17578125 
6 0.6259765625 0.48046875 0.033203125 0.171875 
6 0.3603515625 0.677734375 0.048828125 0.17578125 
6 0.701171875 0.65234375 0.046875 0.125 
