 0 0.6494140625 0.654296875 0.029296875 0.19921875
 1 0.3603515625 0.607421875 0.037109375 0.22265625
 1 0.3515625 0.310546875 0.05078125 0.27734375
 1 0.6201171875 0.638671875 0.037109375 0.26171875
 1 0.7451171875 0.6484375 0.048828125 0.1953125
 1 0.244140625 0.361328125 0.0859375 0.25390625
 1 0.267578125 0.54296875 0.00390625 0.0
 1 0.244140625 0.669921875 0.0546875 0.25390625
 1 0.751953125 0.427734375 0.07421875 0.19140625
 1 0.291015625 0.640625 0.0546875 0.2421875
 2 0.185546875 0.412109375 0.08203125 0.17578125
 3 0.7001953125 0.373046875 0.076171875 0.23828125
 3 0.6943359375 0.6640625 0.060546875 0.2578125
