11 0.02578125 0.4777777777777778 0.0515625 0.12380952380952381
8 0.13359375 0.49047619047619045 0.1046875 0.09841269841269841
8 0.8160029735504665 0.15873015873015872 0.06961382096198285 0.19365079365079366
7 0.721875 0.4365079365079365 0.096875 0.20634920634920634
7 0.40078125 0.44761904761904764 0.0890625 0.18412698412698414
7 0.5660253603539345 0.24126984126984127 0.050013952503779005 0.273015873015873
8 0.3234375 0.18253968253968253 0.046875 0.1746031746031746
8 0.31484375 0.45396825396825397 0.0296875 0.1523809523809524
8 0.8453125 0.45555555555555555 0.1 0.16825396825396827
7 0.15703125 0.6063492063492063 0.0984375 0.13333333333333333
7 0.5932164628859484 0.8507936507936508 0.07622784200867017 0.20634920634920634
11 0.9305421576383939 0.8174603174603174 0.08818181043863901 0.1873015873015873
7 0.85546875 0.6476190476190476 0.0609375 0.21587301587301588