10 0.346875 0.07331378299120235 0.071875 0.1466275659824047
10 0.32001543376492736 0.24188347705153207 0.05599001482874755 0.1348659793551599
10 0.39558843673067684 0.21139474580388176 0.06638368676785796 0.18229877164088165
10 0.42824176924019086 0.21693422500326934 0.06820085475263546 0.1941143054480328
7 0.309375 0.09970674486803519 0.078125 0.19941348973607037
7 0.515625 0.3181818181818182 0.053125 0.2316715542521994
7 0.7189198018634355 0.24008470279487162 0.07665002471457924 0.22386646128730714
7 0.7703125 0.39002932551319647 0.06875 0.19941348973607037
7 0.67265625 0.40615835777126097 0.0640625 0.16715542521994134
11 0.39689095155942444 0.7993418444051429 0.0795840237259963 0.2152394643854803
11 0.04856088091290851 0.7055948732601188 0.08746019072219058 0.2185986583479219
7 0.18359375 0.8724340175953079 0.0828125 0.25513196480938416
7 0.17655588832728233 0.6327008577547822 0.08098469764227278 0.27975559341773826
10 0.3961335592778094 0.5826316966011392 0.05962435079830275 0.1584970469694621
8 0.478125 0.6788856304985337 0.021875 0.21407624633431085
3 0.04140625 0.8709677419354839 0.0828125 0.187683284457478
11 0.09691746787104685 0.6707342886229496 0.10066052768032892 0.25153935109252046
11 0.42487137152136834 0.7685230819588847 0.10496602570316256 0.23420002876030796
11 0.7984375 0.9369501466275659 0.084375 0.12609970674486803
7 0.9343100385175628 0.6914234623624472 0.09491986364988385 0.27465844753547036
7 0.6 0.8812316715542522 0.084375 0.2375366568914956
11 0.51171875 0.9164222873900293 0.0453125 0.16715542521994134