1 0.07734375 0.281437125748503 0.0546875 0.2155688622754491
7 0.598415325078485 0.2522873097449052 0.08376856965141818 0.27201773953900943
1 0.8882623971047524 0.19140926678257913 0.06823210085908257 0.2165560919125728
1 0.58671875 0.07335329341317365 0.0640625 0.1467065868263473
3 0.6041740021477067 0.2336257125296958 0.07358134215265535 0.18431948553496783
2 0.525 0.01347305389221557 0.065625 0.02694610778443114
2 0.5040168718899818 0.18173748543571067 0.07087242198083885 0.1422289365305667
2 0.20430787822155985 0.8536611312494989 0.10146068068726617 0.17847631372197287
2 0.19858242141501195 0.5870196840415051 0.08114818068726608 0.17620935630547652
1 0.5312510792623566 0.48766740947615017 0.07218261646291495 0.19013312814733319
1 0.7990737443457905 0.6529821228445417 0.055158890773174464 0.1942029573623937
3 0.9123206948207603 0.5817818608414167 0.06898237336031983 0.13007850728664463
1 0.85546875 0.4655688622754491 0.0578125 0.15269461077844312