11 0.4125 0.15885416666666666 0.053125 0.1875
7 0.3609375 0.078125 0.075 0.15625
3 0.471875 0.20703125 0.065625 0.2526041666666667
3 0.5717777393777708 0.21007783377050546 0.08148745202099902 0.26245041469812264
7 0.56015625 0.032552083333333336 0.0546875 0.06510416666666667
7 0.8218590080362711 0.12441320747734268 0.09527723201781732 0.22420637023308565
7 0.20090161803786186 0.5494793322522157 0.09086245202099903 0.2629960517214312
10 0.07216809070654362 0.5667164065150563 0.07151246801399935 0.17596727767481424
11 0.11669934070654361 0.5693081823757719 0.07970677601845377 0.23110947519423805
11 0.5781004647119524 0.7281663873191174 0.08119655068427196 0.22078374803145615
7 0.9407271867043164 0.6555598219723239 0.06248291335136287 0.2249008073181722
7 0.6335873960454979 0.733998906373693 0.09044428134945379 0.2031002183880979