3 0.4863845330803553 0.3375915950133969 0.05263952174882984 0.18794798030710483
1 0.4796875 0.5183098591549296 0.05625 0.2028169014084507
3 0.155959545437645 0.2179926371831616 0.06517401384016441 0.12093242347668244
1 0.2536012079852151 0.25733444359555613 0.07645902372599611 0.20583285037846635
1 0.42032845155942444 0.31931216267505563 0.0652668557412186 0.19410629598835688
2 0.8265625 0.0323943661971831 0.078125 0.0647887323943662
3 0.8553162638029834 0.32834352292306773 0.08382585475263546 0.18644236105953071
1 0.97890625 0.22816901408450704 0.0421875 0.24225352112676057
2 0.7688641106469534 0.20911341101809108 0.09457235376405224 0.17845060559048523
1 0.284375 0.9338028169014084 0.071875 0.1323943661971831
1 0.4515625 0.9704225352112676 0.06875 0.059154929577464786