2 0.4230642743968886 0.24147925386146857 0.10054542154477701 0.1880310328488298
3 0.11222676834676433 0.19044488115792854 0.06307269262201594 0.1950269943147132
3 0.21783641891249844 0.14930217418558756 0.060020415494652826 0.21916622210657627
1 0.6515625 0.2978723404255319 0.04375 0.2553191489361702
1 0.66484375 0.09574468085106383 0.0703125 0.19148936170212766
1 0.8390625 0.32370820668693007 0.084375 0.270516717325228
1 0.46796875 0.49544072948328266 0.0734375 0.0729483282674772
1 0.3321620184449602 0.6932099353337692 0.0788613190854491 0.2506226486684675
1 0.0203125 0.5714285714285714 0.040625 0.22492401215805471
1 0.9421875 0.8601823708206687 0.115625 0.2796352583586626
1 0.97265625 0.6367781155015197 0.0546875 0.24012158054711247