2 0.39002806969511383 0.4122921881189247 0.0879695266917457 0.22591645245286945
2 0.33327670950527094 0.19050120879401633 0.0735886917107738 0.21160470155946284
2 0.9361417243340184 0.1734992571601943 0.09434686068413463 0.2316667300172162
2 0.6790096566532521 0.314640275061843 0.0720261917107738 0.2115407585420025
2 0.57109375 0.07417582417582418 0.0828125 0.14835164835164835
2 0.96328125 0.38186813186813184 0.0734375 0.17582417582417584
2 0.20625 0.885989010989011 0.08125 0.22802197802197802
3 0.06992381672936432 0.8366845370608664 0.06714769072219048 0.20310717124786337
2 0.03515625 0.635989010989011 0.0703125 0.17307692307692307
2 0.624836809809282 0.7096098344987174 0.08258168973360744 0.19550484318070832
2 0.6864600593149904 0.7029632061881557 0.08630886760421674 0.2889753796047621
2 0.96875 0.6181318681318682 0.0625 0.13736263736263737
2 0.9421875 0.7994505494505495 0.115625 0.3021978021978022
2 0.82265625 0.5851648351648352 0.0984375 0.07142857142857142