2 0.21640625 0.3957746478873239 0.0921875 0.2056338028169014
3 0.7645615713245363 0.18697902834819743 0.09059155925034226 0.19430277080557803
2 0.98125 0.3436619718309859 0.0375 0.18028169014084508
2 0.9 0.11549295774647887 0.071875 0.23098591549295774
2 0.678125 0.07464788732394366 0.1 0.14929577464788732
2 0.2818998355103012 0.8129282999782944 0.0995406619159093 0.26497115200175
2 0.1828125 0.5464788732394367 0.08125 0.09577464788732394
2 0.46593620321956297 0.6526068359189198 0.07868259263643722 0.23052913553958998
2 0.16742214687221454 0.6868529065280643 0.10322795157021036 0.20314682860677724
2 0.5515625 0.8845070422535212 0.071875 0.23098591549295774
2 0.89296875 0.9154929577464789 0.0859375 0.16901408450704225
2 0.978125 0.7718309859154929 0.04375 0.2140845070422535
