1 0.38125 0.24005681818181818 0.0375 0.20170454545454544
1 0.23969787547570104 0.1826934901157343 0.07884919467652338 0.24769619369813692
1 0.31015625 0.36363636363636365 0.0578125 0.13068181818181818
1 0.44140625 0.3366477272727273 0.0828125 0.1846590909090909
3 0.79375 0.3835227272727273 0.0875 0.09090909090909091
1 0.7853658611412451 0.26468660726962406 0.07633168973360753 0.20495023986703534
1 0.378125 0.8735795454545454 0.04375 0.2528409090909091
1 0.128125 0.921875 0.115625 0.15625
2 0.8183255997725386 0.7170760282793803 0.09562551779449713 0.16121582148953742
1 0.49380841943047127 0.8622311538499378 0.06465936068413444 0.24082351830913204
1 0.6370901872249684 0.6969796496027119 0.08934102570316256 0.22873605233402958