1 0.09765625 0.0963302752293578 0.0859375 0.1926605504587156
1 0.20292821670644176 0.318003152554769 0.07330056699689198 0.25764576966933045
3 0.31934727522627837 0.15302464217114953 0.07257282092583353 0.2270647299139788
3 0.7789598697257605 0.33796089027387993 0.05941784946188058 0.19939946190637142
3 0.7071383736547018 0.30818936506408934 0.06395980024766904 0.19333662854072267
3 0.6360253529765374 0.27535084011452665 0.051314251033457305 0.1870780883618613
3 0.6850450498333842 0.299264134536118 0.06312504631872748 0.22389987676760048
3 0.8090283593866783 0.3207943836031962 0.05658394789030421 0.21159629475156438
3 0.7582107220831252 0.3198435562908293 0.060000046318727664 0.22386429371065278
1 0.471875 0.7385321100917431 0.034375 0.24770642201834864
1 0.68984375 0.6024464831804281 0.0828125 0.25076452599388377
