2 0.34375 0.2553763440860215 0.0359375 0.22580645161290322
2 0.23671875 0.24865591397849462 0.0328125 0.21908602150537634
2 0.215625 0.4489247311827957 0.02734375 0.2620967741935484
2 0.26328125 0.4422043010752688 0.025 0.25268817204301075
2 0.8307341671451935 0.48144760417163507 0.08610616950744614 0.2449431119176058
99 0.635900327582147 0.3645440179899751 0.11114088584218215 0.17153638320415135
2 0.7539930739539499 0.20820562279846483 0.08249009618646852 0.22053049429629173
2 0.78984375 0.8266129032258065 0.0671875 0.13709677419354838
2 0.60703125 0.8145161290322581 0.0578125 0.11290322580645161
2 0.84765625 0.9260752688172043 0.0984375 0.1478494623655914
2 0.62109375 0.9206989247311828 0.1015625 0.1586021505376344