8 0.27062011646291484 0.13924799657507717 0.10285276232447185 0.20497118902029182
7 0.48733398292582975 0.32231588392145366 0.07702724672063965 0.22676975824660447
7 0.56484375 0.532258064516129 0.0828125 0.1935483870967742
8 0.23275934757972233 0.37978609980301214 0.10408771370395282 0.19435938197535377
7 0.8570865609449909 0.19464300102501583 0.08492827792830404 0.1792279482350406
7 0.8827217260284247 0.3712056384730791 0.08229460085908258 0.19507521823889526
7 0.16171875 0.7459677419354839 0.0765625 0.23387096774193547
7 0.39739837969189795 0.8247298658197151 0.07891729534115868 0.23766332754575245
7 0.2453125 0.9489247311827957 0.06875 0.10215053763440861
7 0.08671875 0.9086021505376344 0.0859375 0.1827956989247312
7 0.32996521822650865 0.81060746122517 0.07652927973732648 0.2615751136786393
7 0.7828125 0.9260752688172043 0.121875 0.1478494623655914