1 0.41953125 0.18489583333333334 0.0203125 0.22916666666666666
1 0.17815753126991202 0.4642518482873224 0.07667268268618095 0.2454053019018018
1 0.0203125 0.3046875 0.040625 0.203125
1 0.39140625 0.4153645833333333 0.0765625 0.2682291666666667
3 0.15366715595163863 0.7541956961618631 0.08248633068109026 0.18339046594917438
1 0.2070376039545021 0.7231633405645282 0.09511360001590816 0.20258996071058574
3 0.7898511986394103 0.7998184880705717 0.05746814934754489 0.17884564309301818
1 0.81796875 0.93359375 0.0609375 0.1328125
3 0.45859375 0.8424479166666666 0.0578125 0.12239583333333333
1 0.5543313219685014 0.833647524121519 0.08259541868236298 0.19901546594917438
1 0.7240989293045923 0.8129534322398282 0.07002269334818116 0.18762847118776285