2 0.39765625 0.3647959183673469 0.0640625 0.23469387755102042
3 0.12734375 0.08928571428571429 0.1078125 0.17857142857142858
3 0.2625 0.09311224489795919 0.109375 0.18622448979591838
2 0.0171875 0.34311224489795916 0.034375 0.23214285714285715
2 0.21475740349472244 0.17043430713051655 0.07656511284152785 0.22567134088342589
2 0.2383975380877434 0.40211466138898705 0.07376742116215276 0.24836313792790016
2 0.2751708394745142 0.4027993991105395 0.07024237765916688 0.22003452680910912
2 0.7033854520317017 0.40672708073915276 0.06359233415618064 0.19143852906132297
2 0.92421875 0.5178571428571429 0.0921875 0.12244897959183673
2 0.9572364974345489 0.8097088490779997 0.06838893692972228 0.19949267022930545
2 0.728125 0.9311224489795918 0.071875 0.1377551020408163
2 0.8378864321800696 0.77777770424512 0.05290940729444458 0.2083598187169829