1 0.39453125 0.20180722891566266 0.0703125 0.25903614457831325
7 0.72578125 0.3810240963855422 0.1546875 0.21385542168674698
1 0.584375 0.09337349397590361 0.05625 0.18674698795180722
1 0.640625 0.09939759036144578 0.0625 0.19879518072289157
1 0.8734375 0.07078313253012049 0.084375 0.14156626506024098
1 0.4546875 0.2560240963855422 0.05 0.21686746987951808
7 0.49296875 0.39457831325301207 0.1265625 0.18674698795180722
1 0.16773571864173045 0.862324215377661 0.04525085779368574 0.20832648708943885
1 0.28671875 0.9548192771084337 0.1078125 0.09036144578313253
1 0.528125 0.5993975903614458 0.05 0.22289156626506024
1 0.6199583713008012 0.5884754107296093 0.04644933674699843 0.19641858271759474