1 0.06381717190192919 0.35695786598857054 0.12572419467652338 0.17987726015333128
1 0.06862137152136834 0.15083229285091798 0.08478085969555131 0.1680081411137408
2 0.18725467190192918 0.3522183500486886 0.10707235376405215 0.13179464714173625
1 0.8179780898867068 0.4098699857490328 0.06752969269935694 0.1652863528444137
1 0.8128342865403964 0.22266107687824846 0.08599053262324467 0.20718339884569967
2 0.5140201017497048 0.3474019806660413 0.10678319368794006 0.17297176667114134
3 0.1625 0.934020618556701 0.084375 0.13195876288659794
1 0.21191643228205254 0.79791397496379 0.09590936068413444 0.17461366523264718
3 0.1568933512554133 0.7856107677523824 0.07869268577927464 0.12246733475350265
1 0.11586910323257964 0.7748294713571673 0.0791038626613009 0.18632486665404174
1 0.0890625 0.9257731958762887 0.071875 0.14845360824742268
1 0.02421875 0.7701030927835052 0.0484375 0.15876288659793814
3 0.23515625 0.9381443298969072 0.0921875 0.12371134020618557
1 0.39375 0.6577319587628866 0.06875 0.2721649484536082
1 0.621875 0.5690721649484536 0.115625 0.1402061855670103