1 0.0109375 0.30441640378548895 0.021875 0.24290220820189273
1 0.02890625 0.055205047318611984 0.0578125 0.11041009463722397
1 0.1717563619032741 0.3286164144469856 0.11457462852981451 0.2562754246369194
1 0.16015625 0.0694006309148265 0.0734375 0.138801261829653
2 0.29629336064963285 0.3021568634634105 0.10107441818411544 0.18643428735166478
1 0.7721692020324288 0.2556713654873117 0.06700094655564541 0.31450537096886033
1 0.5337803034443546 0.1631772092301552 0.08024509263643723 0.258218606250734
1 0.93125 0.47791798107255523 0.103125 0.1608832807570978
1 0.8522969712327587 0.276494911721371 0.06066001834239998 0.30797596951866185
1 0.61875 0.46214511041009465 0.0625 0.19242902208201892
3 0.2356012162181937 0.7891443221828561 0.05746081050398359 0.19435623745264236
3 0.3431863956850803 0.8011178254003735 0.05474498746358769 0.22263727805246428
1 0.07645353675130714 0.7789879077433552 0.08751202335696498 0.2206390331423462
1 0.59453125 0.8990536277602523 0.0640625 0.20189274447949526