1 0.9559176810127468 0.20620600301244957 0.07731699980360815 0.23862286677491726
1 0.83828125 0.3154929577464789 0.0828125 0.12394366197183099
1 0.7725602803488169 0.14452484925267595 0.08981699980360833 0.23940981369304126
2 0.6494722382925351 0.2860495827881751 0.09743860226293632 0.18074672593940375
2 0.70234375 0.06619718309859154 0.0859375 0.1323943661971831
2 0.496875 0.6197183098591549 0.04375 0.15774647887323945
2 0.02265625 0.4563380281690141 0.0453125 0.15774647887323945
1 0.19933990720503347 0.7570622684839503 0.060129499803608336 0.237540814762497
1 0.3396745365953328 0.5961456237811013 0.08508404800821019 0.22503020155649128
2 0.53046875 0.7661971830985915 0.0234375 0.2028169014084507
3 0.95859375 0.9478873239436619 0.0828125 0.10422535211267606
1 0.71875 0.9436619718309859 0.06875 0.11267605633802817
1 0.8576751028521116 0.8267559563998713 0.07266586123992677 0.2495953673144237
2 0.5742636809145509 0.5460674494914152 0.08964428298109554 0.1858886869324778