3 0.3720356275836433 0.10376911875366343 0.06127144789030421 0.189937702405172
2 0.20546875 0.3328840970350404 0.1078125 0.19137466307277629
3 0.31889351095825474 0.1358601356700305 0.062324525640563164 0.17117960773553428
2 0.2734375 0.31536388140161725 0.09375 0.22641509433962265
2 0.61484375 0.1940700808625337 0.0484375 0.19946091644204852
2 0.4734375 0.09029649595687332 0.065625 0.18059299191374664
2 0.821875 0.37601078167115903 0.090625 0.10512129380053908
2 0.89609375 0.3881401617250674 0.0734375 0.08086253369272237
2 0.48904334511865455 0.6569979173108882 0.0828211162111037 0.23718759299368236
3 0.6515625 0.7695417789757413 0.025 0.19137466307277629
2 0.68125 0.5862533692722371 0.084375 0.24528301886792453
2 0.97578125 0.6590296495956873 0.0484375 0.261455525606469