3 0.38359375 0.5882352941176471 0.0828125 0.0784313725490196
1 0.4078125 0.46638655462184875 0.04375 0.24369747899159663
3 0.37915805195736557 0.4387917788165777 0.07763519867918127 0.17245933105005334
1 0.33787907129218375 0.4152937223711978 0.07974313868554468 0.2566397449976249
1 0.1578125 0.5406162464985994 0.065625 0.17366946778711484
1 0.3109375 0.5714285714285714 0.071875 0.11204481792717087
1 0.2364165686266837 0.3903455272636413 0.07171246268299925 0.22229229710850662
1 0.5546227706476827 0.12878796544253787 0.08437609468490823 0.24867678515966718
2 0.98203125 0.5686274509803921 0.0359375 0.11764705882352941
1 0.48894213196213815 0.3720688647405639 0.11108404535327185 0.2735813572823889
1 0.8268063059755011 0.227233784727946 0.09411472135581711 0.30557999713641293
1 0.7369887332909111 0.4556342342251678 0.06084768801718106 0.23246917538586992
1 0.24765625 0.7044817927170869 0.0765625 0.15406162464985995
1 0.371875 0.9215686274509803 0.1125 0.1568627450980392
1 0.87109375 0.7142857142857143 0.0703125 0.17366946778711484
1 0.6315841653007742 0.8147212306160535 0.07074994668999893 0.3145824713962292
2 0.97578125 0.9019607843137255 0.0484375 0.19607843137254902
3 0.9390603106301836 0.8954616578394683 0.06193747334499946 0.15978684423540224