7 0.3046875 0.2943786982248521 0.0625 0.2692307692307692
7 0.04375 0.15236686390532544 0.0875 0.23964497041420119
7 0.09453125 0.3801775147928994 0.1171875 0.09763313609467456
7 0.58125 0.19378402339873824 0.05625 0.24618178068992427
11 0.8671875 0.16104833447742217 0.084375 0.24057444618281534
11 0.93046875 0.1248482690710799 0.078125 0.2286712765992538
7 0.6890625 0.04437869822485207 0.053125 0.08875739644970414
7 0.35546875 0.7589826895711846 0.0765625 0.22273690432170645
7 0.203125 0.9378698224852071 0.05 0.1242603550295858
7 0.01171875 0.757396449704142 0.0234375 0.24260355029585798
8 0.47109375 0.9363905325443787 0.0984375 0.12721893491124261
7 0.590625 0.6749997932547817 0.0390625 0.22824096374341388
11 0.72734375 0.8979289940828402 0.0703125 0.20414201183431951