1 0.0765625 0.02878787878787879 0.109375 0.05757575757575758
1 0.27890625 0.1303030303030303 0.0828125 0.2606060606060606
1 0.4622398830045366 0.21969741884826754 0.07118517447164337 0.2972603293474201
2 0.97421875 0.296969696969697 0.0515625 0.16363636363636364
1 0.7277926810127469 0.2421008633182756 0.07571813836728972 0.24616859372815741
1 0.10703125 0.9363636363636364 0.0515625 0.12727272727272726
1 0.13797165691044588 0.6952764825374402 0.07412836729005097 0.23693654600528544
1 0.0716154038853837 0.6726114240123514 0.0615556444174139 0.2115650127071581
1 0.27734375 0.9606060606060606 0.1203125 0.07878787878787878
1 0.27533984670379147 0.7516360760895673 0.07728063836728971 0.2463097323601203
1 0.599449512394836 0.7970446684182262 0.07408291549465282 0.2217850308537703