1 0.22734375 0.123342175066313 0.0609375 0.246684350132626
1 0.33394958738722186 0.3637176628992675 0.052873039703263916 0.21201884589822945
1 0.02734375 0.2639257294429708 0.0546875 0.22015915119363394
1 0.028125 0.07824933687002653 0.05625 0.15649867374005305
1 0.40390625 0.35278514588859416 0.0296875 0.22281167108753316
1 0.8824046179724302 0.3335468037669813 0.04949346656500016 0.193296845748423
3 0.6714495873872218 0.2883018364627874 0.07107752583555564 0.17315721284481364
1 0.616308145707847 0.2671690632597829 0.08219686379145844 0.1869600754381017
2 0.02734375 0.9071618037135278 0.0546875 0.13262599469496023
1 0.66328125 0.6087533156498673 0.0796875 0.1989389920424403
1 0.9177453187698609 0.644653230313815 0.07678331838861112 0.24765931121275928
2 0.5851497178961803 0.7591587209943598 0.10963087955902784 0.13795144548662489