0 0.6375 0.16946778711484595 0.04375 0.226890756302521
3 0.0625 0.3165266106442577 0.090625 0.12324929971988796
12 0.5734375 0.27310924369747897 0.0875 0.21008403361344538
12 0.5796875 0.08403361344537816 0.071875 0.16806722689075632
12 0.2953125 0.33053221288515405 0.065625 0.09523809523809523
12 0.43359375 0.12464985994397759 0.0671875 0.24929971988795518
12 0.2681266230042431 0.15248426085751562 0.06711319863085592 0.2767967904575973
0 0.06015625 0.30952380952380953 0.0953125 0.13725490196078433
12 0.19596512152136833 0.17109065983005467 0.0681663626613009 0.2545182911538093
12 0.775 0.09523809523809523 0.075 0.19047619047619047
0 0.8247055923581648 0.2668310965677126 0.10608285672980174 0.20735973012774142
3 0.8785309293163029 0.23158298606176447 0.1068813527754692 0.1738767490312365
12 0.7078125 0.2913165266106443 0.078125 0.17366946778711484
12 0.31494327319452353 0.7140743638434394 0.07760502965749527 0.2581021972918668
12 0.59296875 0.453781512605042 0.0921875 0.15126050420168066
0 0.15845585125541328 0.77187348703812 0.09453786167271767 0.24833282259725956
12 0.38203125 0.47759103641456585 0.0640625 0.19887955182072828
12 0.4362426116355366 0.6606112472098913 0.06360619665368965 0.25972913920522894
0 0.2245901872249684 0.7439850236235389 0.09377385771838505 0.2147193772191083
12 0.8082940251716899 0.5682817746492534 0.06921952669174569 0.23223979185002167
12 0.96796875 0.7240896358543417 0.0640625 0.2549019607843137
12 0.69140625 0.8305322128851541 0.0640625 0.23249299719887956