3 0.3120470446885605 0.48719027782833757 0.08973518657189175 0.20938483464570265
12 0.07704078561337421 0.5312027189929889 0.06327268052176756 0.2400921498378543
12 0.11450390329620852 0.2780831044306464 0.06651585518980241 0.2767446446536905
0 0.31438170432948087 0.4843979587993698 0.09606699980360833 0.2348025003337135
12 0.18643344545068635 0.2957383725188265 0.06800563231716553 0.2542258216390734
0 0.5871152223816576 0.5876453927008393 0.12732609016268787 0.23794716680193642
3 0.478125 0.46056338028169014 0.096875 0.18873239436619718
11 0.959375 0.6492957746478873 0.08125 0.16056338028169015
12 0.71640625 0.6507042253521127 0.0609375 0.15774647887323945
12 0.8477663760706496 0.5016498365837394 0.06485336123992677 0.24574234090774413
3 0.551613017855785 0.23798907648720263 0.08493860226293633 0.1755328529853284
12 0.3984375 0.9014084507042254 0.0625 0.19718309859154928
3 0.15078125 0.8140845070422535 0.0828125 0.16901408450704225
3 0.09609375 0.9816901408450704 0.1046875 0.036619718309859155
11 0.7390625 0.8436619718309859 0.10625 0.22816901408450704
12 0.50078125 0.8169014084507042 0.0609375 0.17464788732394365
12 0.6671875 0.8450704225352113 0.05625 0.23098591549295774