1 0.28125 0.10422163588390501 0.0875 0.20844327176781002
1 0.45390625 0.040897097625329816 0.0953125 0.08179419525065963
1 0.4045496012554134 0.23014854676523705 0.1289128616727176 0.2305513196024516
1 0.15115002863173102 0.15192665525010146 0.08391869665368965 0.24240831991137432
1 0.14433500144569375 0.36965081109423925 0.06695668973360754 0.18653879313226576
1 0.23237617091334606 0.3446442579650039 0.06746602570316255 0.20764697255179068
1 0.92421875 0.3720316622691293 0.0921875 0.19525065963060687
2 0.67890625 0.4366754617414248 0.0921875 0.06596306068601583
1 0.36540087102707675 0.7194035575587499 0.0845261917107738 0.2028765390800504
1 0.3875 0.8944591029023746 0.115625 0.21108179419525067
1 0.1482186882135516 0.8550007710024591 0.07084569368794007 0.21829317342212443
3 0.578125 0.762532981530343 0.0375 0.20580474934036938
3 0.6022668596583702 0.7554708117808886 0.06746602570316255 0.20764697255179085
