12 0.13806033728518408 0.4515495868945429 0.06551700668363551 0.21455202621424294
12 0.21906598396722873 0.2704829508033167 0.07985222668681721 0.2549796051393208
12 0.10218756663750135 0.21483645976100227 0.07674540802036275 0.25728042093374787
12 0.25115068328295687 0.4898898060132247 0.07027723201781733 0.22542371918926887
12 0.87265625 0.57421875 0.0703125 0.0703125
12 0.62578125 0.4986979166666667 0.1078125 0.22135416666666666
12 0.7933029153007742 0.37788738517359294 0.08801017202418074 0.3052171489865862
12 0.9796875 0.45703125 0.040625 0.2265625
0 0.31953125 0.6888020833333334 0.0828125 0.15885416666666666
0 0.2734375 0.6809895833333334 0.103125 0.14322916666666666
3 0.1551569306174568 0.781373561103823 0.10139996268299925 0.21022806124499724
12 0.3446643259468661 0.8479792099257057 0.07649086935072642 0.2208220876004147
12 0.5953125 0.6484375 0.1 0.078125
11 0.7234375 0.6510416666666666 0.078125 0.08333333333333333
0 0.67890625 0.6614583333333334 0.0890625 0.10416666666666667
12 0.83160979527373 0.8687728018402595 0.05924882535009015 0.21134115780309712