2 0.05234375 0.3797953964194373 0.1046875 0.2531969309462916
2 0.14135420861500575 0.16335029080994706 0.08109128729346118 0.21519306306757613
2 0.35546875 0.4258312020460358 0.0515625 0.2020460358056266
2 0.64765625 0.5421994884910486 0.0671875 0.1534526854219949
2 0.8485863552569611 0.5287220259758464 0.10812501324684405 0.16511366319647652
2 0.4575570727728236 0.31194293021369757 0.07009922359113015 0.21221882570571202
2 0.6991369375636135 0.3658672007680599 0.07489585099579195 0.217512497764706
2 0.1515625 0.7071611253196931 0.08125 0.17647058823529413
2 0.06755461006628458 0.8629163120028991 0.07155259618646852 0.20716326370662125
3 0.0234375 0.8260869565217391 0.046875 0.31202046035805625
2 0.4984375 0.6521739130434783 0.0875 0.06649616368286446
2 0.69765625 0.6918158567774936 0.0578125 0.14578005115089515
