1 0.315625 0.033625730994152045 0.090625 0.06725146198830409
1 0.10390625 0.1023391812865497 0.0890625 0.2046783625730994
1 0.7578125 0.08333333333333333 0.084375 0.16666666666666666
1 0.7252981260436462 0.2574326079404152 0.08575827488562507 0.2404490897451593
1 0.959375 0.039473684210526314 0.08125 0.07894736842105263
1 0.937852024220035 0.18966338932774435 0.06537303970326391 0.23371640448603
1 0.5171875 0.6666666666666666 0.025 0.2222222222222222
1 0.225 0.9210526315789473 0.065625 0.15789473684210525
1 0.02421875 0.9269005847953217 0.0484375 0.14619883040935672
1 0.12905629283739603 0.7242139924301488 0.08826633225631966 0.316540537869006
1 0.3978413540078126 0.5896332330865487 0.07990831838861112 0.27234060719129316
1 0.80546875 0.5087719298245614 0.0734375 0.19883040935672514
1 0.6249351033422226 0.8170654302448337 0.07987195079743063 0.26941663058310605
1 0.6854699469977085 0.5306493905004541 0.06075827488562524 0.2393601887694607