2 0.2078125 0.34624697336561744 0.10625 0.08716707021791767
2 0.7649232989348672 0.23774269572445356 0.08123936562705047 0.2433791123621937
2 0.96796875 0.28692493946731235 0.0640625 0.20581113801452786
2 0.95859375 0.10653753026634383 0.0828125 0.21307506053268765
2 0.50703125 0.2929782082324455 0.0796875 0.1937046004842615
2 0.17046232760377916 0.9094497418277033 0.06344968775644091 0.1597857036628464
3 0.309375 0.9539951573849879 0.059375 0.09200968523002422
2 0.81640625 0.46973365617433416 0.0765625 0.15980629539951574
2 0.3851402984405755 0.5834374287498193 0.08053902866891205 0.21674472979560774
2 0.6265783819386728 0.5650427510277132 0.06583985870696818 0.1913895965908925
2 0.8962197198853943 0.5771150560236379 0.10206651878308026 0.1460089348543138
2 0.36875 0.7360774818401937 0.059375 0.15980629539951574
2 0.5813361606075848 0.7798206029083399 0.06609452669174569 0.20107482661510556