2 0.06902534082899088 0.25598092766016906 0.10413197241000383 0.2786909024917285
2 0.6421900223173366 0.3760333258220278 0.10948910580511528 0.18626740526999397
2 0.57109375 0.10515463917525773 0.1046875 0.16494845360824742
2 0.8493948871081265 0.40261159062015 0.05258434137714509 0.1589330801118437
2 0.8689930805773718 0.19733585389464905 0.07440477767481415 0.15787924665387354
2 0.8015873257680484 0.19218449943721638 0.0614682680561673 0.14080838860040135
2 0.98046875 0.4195876288659794 0.0390625 0.17525773195876287
2 0.98359375 0.2134020618556701 0.0328125 0.16288659793814433
2 0.5390625 0.32577319587628867 0.040625 0.16494845360824742
2 0.2440724700477511 0.8165995193219426 0.08755954210278442 0.18319752738775805
2 0.3921875 0.6907216494845361 0.090625 0.18144329896907216
2 0.13551343638248717 0.7637996692398492 0.11237600362819702 0.11844217291633467
3 0.27421875 0.6639175257731958 0.0609375 0.12783505154639174
3 0.19765625 0.6628865979381443 0.0671875 0.12577319587628866
2 0.53671875 0.7618556701030927 0.0359375 0.18762886597938144
3 0.82578125 0.643298969072165 0.1078125 0.0865979381443299
3 0.69140625 0.6298969072164948 0.1078125 0.05979381443298969
2 0.9361062026245559 0.8553361543978374 0.10937997840045348 0.18214369392978777
2 0.7296875 0.6742268041237114 0.078125 0.14845360824742268
2 0.6751042152384277 0.8353656556769632 0.07549605172143128 0.19911636005593528
2 0.6396751467267734 0.8266764130245184 0.07182541469812272 0.17835380018174263
2 0.9734375 0.6907216494845361 0.053125 0.18144329896907216