2 0.22463109840513873 0.22360038632362658 0.05617987765916688 0.2233902721240192
2 0.7727958414712844 0.14658562396062105 0.08165265634451409 0.2594280962608127
3 0.6429810549021525 0.14437248416767204 0.06639002583555573 0.1722622889338664
2 0.525 0.3463541666666667 0.0125 0.18229166666666666
2 0.11761672577996496 0.8101336310851686 0.051274172112083426 0.2073558363483706
2 0.05720851548322896 0.5988770814472437 0.0627208183886113 0.24476951982488426
2 0.362550632124479 0.578615406864413 0.07478440729444458 0.21461134855994768
2 0.17697615482590265 0.5923906103929538 0.05966855357097245 0.24970489597445175
2 0.31423780585208305 0.7895012776998084 0.07463893692972227 0.20419468189328102
2 0.015625 0.80078125 0.03125 0.21614583333333334
2 0.74609375 0.9427083333333334 0.1328125 0.11458333333333333