7 0.4265625 0.5208333333333334 0.103125 0.19791666666666666
10 0.30312226328772934 0.5013090243078092 0.07937951201463563 0.18120261112878713
10 0.02265625 0.3802083333333333 0.0453125 0.22916666666666666
11 0.34296875 0.5143229166666666 0.0921875 0.2109375
7 0.1359375 0.5846354166666666 0.0625 0.0703125
7 0.6799580306333651 0.2319168710216708 0.09375109468490823 0.22574616446530213
7 0.6763143152848659 0.4181602410222011 0.06070223734881743 0.1912556511245449
7 0.9828125 0.453125 0.034375 0.15104166666666666
7 0.3432660052912292 0.8222115054106127 0.06389996268299925 0.20173292223636294
7 0.38203125 0.9661458333333334 0.1265625 0.06770833333333333
11 0.0203125 0.8841145833333334 0.040625 0.23177083333333334
8 0.94140625 0.97265625 0.0703125 0.0546875
7 0.9261790499681833 0.887299608728568 0.08101473734881744 0.19164958001802943