12 0.40390625 0.6416519136344161 0.125 0.24148088692756497
3 0.0203125 0.6755162241887905 0.040625 0.1887905604719764
3 0.0953125 0.7300884955752213 0.071875 0.07964601769911504
3 0.17890625 0.7345132743362832 0.0796875 0.07079646017699115
3 0.290625 0.7153392330383481 0.08125 0.10914454277286136
3 0.465625 0.6251898862156682 0.1 0.1784354470051788
3 0.034375 0.3967551622418879 0.06875 0.17994100294985252
3 0.15078125 0.34144367807807346 0.075 0.21273513982615544
3 0.35390625 0.6932153392330384 0.0765625 0.15339233038348082
3 0.26796875 0.3392184402511316 0.05625 0.19716197433864321
3 0.4015625 0.34951352753549764 0.1 0.17253574199042954
3 0.81875 0.6147794790670604 0.1046875 0.16094230769859091
12 0.8765625 0.3533080470881683 0.0796875 0.22179067308593914
11 0.64140625 0.9365781710914455 0.0359375 0.12684365781710916
11 0.615625 0.9321533923303835 0.053125 0.13569321533923304
1 0.37578125 0.9306784660766961 0.0671875 0.13864306784660768
11 0.275 0.9601769911504425 0.05625 0.07964601769911504
11 0.234375 0.9542772861356932 0.05625 0.09144542772861357
12 0.68828125 0.8480825958702065 0.0578125 0.15634218289085547
12 0.81875 0.948377581120944 0.053125 0.10324483775811209