1 0.15546875 0.08333333333333333 0.0609375 0.16666666666666666
1 0.30389611787922616 0.2250890594401785 0.06319086729005097 0.20337581034198346
1 0.3703125 0.19270833333333334 0.096875 0.25
1 0.7484375 0.11197916666666667 0.1 0.22395833333333334
3 0.6209927142884301 0.13954992179493608 0.0771806444174139 0.18377078433559646
1 0.5107268590986275 0.40431175656007384 0.05853063836728971 0.21077887456633468
3 0.19231826844496017 0.7597454875268058 0.060029505853732346 0.19268618649155092
1 0.39140625 0.6484375 0.0546875 0.11979166666666667
3 0.06940748839073088 0.8433757236562819 0.08515677088084708 0.23132817729501096
1 0.7154466962362532 0.8723849003111047 0.06791472872636942 0.2142019127842989
3 0.49765625 0.9296875 0.0890625 0.140625
3 0.45625 0.94140625 0.075 0.1171875
3 0.8352461118291019 0.7851213713653947 0.0600113251355733 0.1874778531582176
3 0.8641978136245001 0.7695756840822274 0.05051815046753827 0.15280481494025336