7 0.4245288469984704 0.40563562861850133 0.0820057508107789 0.2632614485196257
7 0.33359375 0.5848765432098766 0.0609375 0.06481481481481481
11 0.56796875 0.3256172839506173 0.0234375 0.2006172839506173
7 0.6660675105533068 0.2856972375049367 0.08307732710967279 0.20772384922891876
7 0.9416754366900448 0.39054366998475437 0.06745232710967279 0.20754428658043245
11 0.6823998482162864 0.4706759256443627 0.09889324188232518 0.22950835014901003
7 0.975 0.16203703703703703 0.05 0.21296296296296297
11 0.3640625 0.6496913580246914 0.078125 0.06481481481481481
11 0.1125 0.7006172839506173 0.071875 0.16666666666666666
11 0.46328125 0.7006172839506173 0.1203125 0.16666666666666666
8 0.45625 0.691358024691358 0.103125 0.14814814814814814
10 0.14609375 0.6820987654320988 0.0640625 0.12962962962962962
10 0.2515625 0.6635802469135802 0.0625 0.09259259259259259
7 0.01953125 0.7376543209876543 0.0390625 0.22839506172839505
7 0.96953125 0.8966049382716049 0.0609375 0.20679012345679013