1 0.41484375 0.2552083333333333 0.0484375 0.1875
1 0.30703125 0.3880208333333333 0.0609375 0.11979166666666667
1 0.5501006558111797 0.22599202616960637 0.08163950361804462 0.16591436902368648
1 0.86953125 0.11979166666666667 0.0703125 0.23958333333333334
1 0.8106121099041943 0.32170956111389676 0.05655761646291495 0.16185517029486376
1 0.3371569205105008 0.6743260523522948 0.1011264880142125 0.1904431430703036
3 0.32421875 0.51953125 0.0671875 0.14322916666666666
1 0.12389228064183762 0.562814029206186 0.0503828595655099 0.2134838061087733
1 0.056663837064272735 0.5654223445398974 0.05318031094499087 0.20324901844987617
1 0.97734375 0.58984375 0.0453125 0.2526041666666667
3 0.866131769560561 0.5973460934849437 0.06453389077317447 0.16751820114762092
3 0.5539183746035152 0.624648577595229 0.0675703595655099 0.21448414065150567
1 0.7361687098587657 0.8201470500748602 0.040598423789861116 0.19991733575213141