2 0.03515625 0.16862170087976538 0.0703125 0.2434017595307918
2 0.859375 0.03225806451612903 0.084375 0.06451612903225806
2 0.77890625 0.07624633431085044 0.1109375 0.15249266862170088
2 0.9703125 0.3093841642228739 0.059375 0.21994134897360704
2 0.01875 0.533724340175953 0.0375 0.2287390029325513
2 0.3106813193030014 0.7026911598506693 0.08757382001909005 0.27332371029574515
2 0.86484375 0.9193548387096774 0.0953125 0.16129032258064516
2 0.9127341679662744 0.745111923382822 0.0811783693507266 0.24918009308202083
2 0.60234375 0.841642228739003 0.0453125 0.25806451612903225
2 0.7669131379694559 0.6851536979914922 0.07823518268618095 0.27816400295023214
2 0.6140625 0.5718475073313783 0.06875 0.2991202346041056