7 0.41328125 0.03824362606232295 0.2015625 0.0764872521246459
1 0.5127219949500896 0.12605378007544074 0.08291745776545092 0.24804116307794924
1 0.41015625 0.3654390934844193 0.0796875 0.24362606232294617
7 0.6238268239457546 0.2733305909697794 0.09129139988706055 0.21707746993578064
1 0.57890625 0.4376770538243626 0.0390625 0.09915014164305949
2 0.39609375 0.9745042492917847 0.1078125 0.05099150141643059
1 0.20527424502067682 0.7306718641524534 0.09383954721387226 0.29639758325022825
1 0.06513436340829344 0.6639328248728877 0.089076452503779 0.2453401551852477
1 0.1953125 0.9164305949008499 0.0875 0.1671388101983003
1 0.8640625 0.5439093484419264 0.090625 0.11331444759206799
