2 0.4291560714309252 0.4454310559320023 0.11358303327818291 0.2841554621724935
3 0.12578125 0.11614730878186968 0.1890625 0.23229461756373937
3 0.3578125 0.09206798866855524 0.2 0.18413597733711048
2 0.2642322751638034 0.19618571572064508 0.07265802434972919 0.24956348069305578
2 0.23203125 0.47875354107648727 0.0671875 0.23796033994334279
2 0.94453125 0.5396600566572238 0.1109375 0.11614730878186968
3 0.2703125 0.9376770538243626 0.10625 0.12464589235127478
2 0.17242087621946361 0.7530135159087058 0.07989778003177213 0.19073310885945438
2 0.58515625 0.7039660056657224 0.0671875 0.21246458923512748
3 0.34517258360578984 0.7576781624087802 0.07260347727182861 0.2438977583134524
2 0.45546875 0.9135977337110481 0.0578125 0.17280453257790368
2 0.51328125 0.9079320113314447 0.0765625 0.18413597733711048
2 0.4023947483784422 0.7426640400914795 0.07093188311602727 0.2324343709237987
2 0.171875 0.943342776203966 0.09375 0.11331444759206799
2 0.865625 0.9107648725212465 0.10625 0.17847025495750707
2 0.68046875 0.9518413597733711 0.0765625 0.09631728045325778
2 0.7463374375008238 0.7456483707357592 0.08976370373287815 0.24251626605856633