3 0.01796875 0.38354430379746834 0.0359375 0.17974683544303796
3 0.140625 0.4177215189873418 0.06875 0.20253164556962025
99 0.80078125 0.42278481012658226 0.0578125 0.19240506329113924
2 0.46953125 0.41012658227848103 0.0609375 0.21772151898734177
2 0.1109375 0.8627966516802746 0.1140625 0.21550400775040918
2 0.409375 0.7025316455696202 0.059375 0.23037974683544304
99 0.13984375 0.6626997022564454 0.0625 0.24598450918871048
99 0.41796875 0.8873417721518987 0.0421875 0.17974683544303796
99 0.93125 0.8369272657773271 0.0890625 0.1814140015432795
2 0.64453125 0.8555077839590174 0.0484375 0.20481520981112394
2 0.73203125 0.6716358002087467 0.0703125 0.19825156017907145
99 0.48125 0.830379746835443 0.084375 0.17215189873417722