6 0.7529296875 0.650390625 0.048828125 0.21484375 
6 0.6923828125 0.4375 0.048828125 0.09375 
6 0.7529296875 0.40234375 0.083984375 0.2265625 
6 0.3935546875 0.388671875 0.037109375 0.23046875 
6 0.505859375 0.65234375 0.03515625 0.234375 
6 0.3388671875 0.64453125 0.052734375 0.21875 
6 0.669921875 0.587890625 0.03125 0.08203125 
6 0.42578125 0.40234375 0.03125 0.203125 
6 0.6513671875 0.380859375 0.041015625 0.23828125 
6 0.37890625 0.66015625 0.03125 0.2265625 
6 0.4091796875 0.66015625 0.033203125 0.21875 
6 0.4384765625 0.669921875 0.041015625 0.25390625 
6 0.4755859375 0.66015625 0.025390625 0.25 
6 0.5400390625 0.65625 0.033203125 0.2421875 
6 0.5732421875 0.65234375 0.033203125 0.2421875 
6 0.6064453125 0.666015625 0.029296875 0.26953125 
6 0.638671875 0.642578125 0.03515625 0.21484375 
6 0.70703125 0.6484375 0.04296875 0.21875 
6 0.6171875 0.388671875 0.03125 0.21484375 
