6 0.2685546875 0.58203125 0.052734375 0.125 
6 0.298828125 0.4453125 0.0390625 0.1640625 
6 0.7041015625 0.435546875 0.041015625 0.18359375 
6 0.34765625 0.671875 0.0625 0.1953125 
6 0.392578125 0.66015625 0.03125 0.1796875 
6 0.341796875 0.443359375 0.05078125 0.20703125 
6 0.376953125 0.44921875 0.03515625 0.1953125 
6 0.7294921875 0.591796875 0.052734375 0.12890625 
6 0.7001953125 0.642578125 0.068359375 0.16796875 
6 0.66015625 0.458984375 0.0390625 0.19140625 
6 0.6005859375 0.48046875 0.029296875 0.15625 
6 0.6064453125 0.685546875 0.041015625 0.19921875 
6 0.6552734375 0.6796875 0.060546875 0.1875 
6 0.2998046875 0.640625 0.076171875 0.171875 
