7 0.654296875 0.3203125 0.046875 0.21875 
7 0.5830078125 0.357421875 0.041015625 0.23828125 
6 0.60546875 0.541015625 0.03125 0.11328125 
6 0.5439453125 0.556640625 0.037109375 0.05078125 
6 0.6337890625 0.53125 0.029296875 0.109375 
6 0.66015625 0.576171875 0.03125 0.22265625 
6 0.3154296875 0.544921875 0.056640625 0.24609375 
6 0.4345703125 0.6015625 0.048828125 0.234375 
6 0.4697265625 0.60546875 0.041015625 0.171875 
6 0.5048828125 0.61328125 0.048828125 0.1875 
6 0.57421875 0.609375 0.02734375 0.1796875 
6 0.6982421875 0.5625 0.048828125 0.234375 
