7 0.345703125 0.3203125 0.046875 0.21875 
7 0.4169921875 0.357421875 0.041015625 0.23828125 
6 0.39453125 0.541015625 0.03125 0.11328125 
6 0.3662109375 0.53125 0.029296875 0.109375 
6 0.33984375 0.576171875 0.03125 0.22265625 
6 0.4560546875 0.556640625 0.037109375 0.05078125 
6 0.6845703125 0.544921875 0.056640625 0.24609375 
6 0.5654296875 0.6015625 0.048828125 0.234375 
6 0.5302734375 0.60546875 0.041015625 0.171875 
6 0.4951171875 0.61328125 0.048828125 0.1875 
6 0.42578125 0.609375 0.02734375 0.1796875 
6 0.3017578125 0.5625 0.048828125 0.234375 
