6 0.349609375 0.306640625 0.03515625 0.26953125 
6 0.3125 0.330078125 0.04296875 0.26171875 
6 0.34765625 0.62890625 0.04296875 0.265625 
6 0.548828125 0.318359375 0.03515625 0.25390625 
6 0.263671875 0.330078125 0.05859375 0.23828125 
6 0.2294921875 0.556640625 0.103515625 0.19921875 
2 0.2294921875 0.5546875 0.103515625 0.1953125 
6 0.708984375 0.365234375 0.05859375 0.27734375 
6 0.6591796875 0.365234375 0.044921875 0.26171875 
6 0.619140625 0.35546875 0.04296875 0.234375 
6 0.611328125 0.65234375 0.046875 0.25 
6 0.509765625 0.302734375 0.04296875 0.27734375 
6 0.462890625 0.306640625 0.0390625 0.26171875 
6 0.4248046875 0.302734375 0.029296875 0.26953125 
6 0.3876953125 0.298828125 0.041015625 0.29296875 
