6 0.6689453125 0.53515625 0.048828125 0.171875 
6 0.6337890625 0.310546875 0.076171875 0.17578125 
6 0.353515625 0.55078125 0.046875 0.203125 
6 0.392578125 0.54296875 0.03125 0.1875 
6 0.5634765625 0.509765625 0.029296875 0.18359375 
6 0.5908203125 0.513671875 0.029296875 0.16796875 
6 0.361328125 0.30859375 0.0625 0.171875 
6 0.41796875 0.2890625 0.07421875 0.171875 
6 0.326171875 0.36328125 0.0703125 0.1640625 
6 0.31640625 0.560546875 0.046875 0.18359375 
6 0.419921875 0.533203125 0.03125 0.17578125 
6 0.6787109375 0.3359375 0.060546875 0.171875 
6 0.5419921875 0.515625 0.025390625 0.2109375 
6 0.4814453125 0.49609375 0.021484375 0.1640625 
