6 0.6953125 0.482421875 0.0546875 0.17578125 
6 0.3017578125 0.47265625 0.056640625 0.171875 
6 0.59375 0.45703125 0.02734375 0.1484375 
6 0.6201171875 0.458984375 0.029296875 0.15234375 
6 0.423828125 0.30078125 0.04296875 0.1796875 
6 0.4052734375 0.453125 0.033203125 0.1484375 
6 0.3759765625 0.451171875 0.033203125 0.13671875 
6 0.6474609375 0.291015625 0.056640625 0.17578125 
6 0.60546875 0.30078125 0.0390625 0.171875 
6 0.65625 0.478515625 0.03515625 0.19140625 
6 0.517578125 0.466796875 0.02734375 0.17578125 
6 0.48828125 0.462890625 0.0234375 0.17578125 
6 0.349609375 0.296875 0.03515625 0.15625 
6 0.388671875 0.29296875 0.0390625 0.1640625 
6 0.568359375 0.48046875 0.03515625 0.1953125 
6 0.5693359375 0.30859375 0.037109375 0.1875 
