6 0.7216796875 0.36328125 0.076171875 0.1796875 
6 0.6630859375 0.3359375 0.072265625 0.1875 
6 0.326171875 0.5703125 0.0390625 0.203125 
6 0.361328125 0.56640625 0.02734375 0.2109375 
6 0.3896484375 0.5859375 0.025390625 0.21875 
6 0.4169921875 0.578125 0.029296875 0.21875 
6 0.283203125 0.568359375 0.0390625 0.19140625 
6 0.6728515625 0.5625 0.048828125 0.171875 
6 0.6015625 0.5546875 0.03125 0.1953125 
6 0.357421875 0.3359375 0.03515625 0.1796875 
6 0.28125 0.3671875 0.08203125 0.171875 
6 0.390625 0.341796875 0.03125 0.18359375 
6 0.578125 0.328125 0.03515625 0.203125 
6 0.5400390625 0.580078125 0.033203125 0.23046875 
6 0.5107421875 0.580078125 0.033203125 0.23828125 
6 0.4775390625 0.576171875 0.033203125 0.23046875 
