6 0.3759765625 0.556640625 0.029296875 0.19140625 
6 0.6064453125 0.580078125 0.033203125 0.18359375 
6 0.580078125 0.375 0.02734375 0.1875 
6 0.42578125 0.349609375 0.03125 0.19140625 
6 0.29296875 0.548828125 0.046875 0.16796875 
6 0.6337890625 0.587890625 0.021484375 0.18359375 
6 0.607421875 0.365234375 0.03125 0.19140625 
6 0.3359375 0.546875 0.0546875 0.171875 
6 0.3134765625 0.34765625 0.048828125 0.1875 
6 0.359375 0.349609375 0.046875 0.19140625 
6 0.64453125 0.376953125 0.0546875 0.18359375 
6 0.693359375 0.384765625 0.06640625 0.16796875 
6 0.3974609375 0.337890625 0.029296875 0.21484375 
6 0.7119140625 0.580078125 0.044921875 0.16796875 
6 0.669921875 0.5859375 0.046875 0.171875 
