6 0.419921875 0.375 0.02734375 0.1875 
6 0.57421875 0.349609375 0.03125 0.19140625 
6 0.70703125 0.548828125 0.046875 0.16796875 
6 0.3662109375 0.587890625 0.021484375 0.18359375 
6 0.392578125 0.365234375 0.03125 0.19140625 
6 0.6640625 0.546875 0.0546875 0.171875 
6 0.6025390625 0.337890625 0.029296875 0.21484375 
6 0.6865234375 0.34765625 0.048828125 0.1875 
6 0.640625 0.349609375 0.046875 0.19140625 
6 0.35546875 0.376953125 0.0546875 0.18359375 
6 0.306640625 0.384765625 0.06640625 0.16796875 
6 0.3935546875 0.580078125 0.033203125 0.18359375 
6 0.6240234375 0.556640625 0.029296875 0.19140625 
6 0.330078125 0.5859375 0.046875 0.171875 
6 0.2880859375 0.580078125 0.044921875 0.16796875 
