6 0.4580078125 0.427734375 0.033203125 0.25390625 
6 0.7099609375 0.72265625 0.052734375 0.3046875 
6 0.662109375 0.720703125 0.04296875 0.29296875 
6 0.6298828125 0.71875 0.041015625 0.2734375 
6 0.5263671875 0.732421875 0.041015625 0.25390625 
6 0.4892578125 0.71875 0.041015625 0.2421875 
6 0.4541015625 0.720703125 0.041015625 0.25390625 
6 0.3037109375 0.6953125 0.064453125 0.2578125 
6 0.7529296875 0.740234375 0.064453125 0.23046875 
6 0.4306640625 0.4921875 0.029296875 0.1328125 
6 0.396484375 0.46484375 0.05078125 0.21875 
6 0.56640625 0.734375 0.0390625 0.2890625 
