6 0.5458984375 0.478515625 0.037109375 0.16015625 
6 0.3876953125 0.701171875 0.033203125 0.19140625 
6 0.412109375 0.703125 0.0234375 0.2109375 
6 0.4013671875 0.5 0.037109375 0.171875 
6 0.5595703125 0.65234375 0.041015625 0.1484375 
6 0.30078125 0.66015625 0.06640625 0.1640625 
6 0.353515625 0.498046875 0.0546875 0.18359375 
6 0.5927734375 0.673828125 0.033203125 0.17578125 
6 0.6337890625 0.681640625 0.048828125 0.20703125 
6 0.6796875 0.662109375 0.06640625 0.17578125 
6 0.7265625 0.62109375 0.06640625 0.140625 
6 0.5869140625 0.478515625 0.041015625 0.18359375 
6 0.6259765625 0.482421875 0.041015625 0.16796875 
6 0.6787109375 0.46875 0.048828125 0.1484375 
6 0.3525390625 0.685546875 0.044921875 0.17578125 
