6 0.3095703125 0.34765625 0.056640625 0.25 
6 0.748046875 0.564453125 0.07421875 0.23046875 
6 0.765625 0.306640625 0.05859375 0.25390625 
6 0.251953125 0.326171875 0.05859375 0.23828125 
6 0.2646484375 0.580078125 0.080078125 0.23828125 
6 0.6328125 0.29296875 0.046875 0.2578125 
6 0.478515625 0.27734375 0.0390625 0.265625 
6 0.5625 0.298828125 0.03515625 0.22265625 
6 0.3779296875 0.310546875 0.033203125 0.24609375 
6 0.353515625 0.58984375 0.04296875 0.234375 
6 0.7060546875 0.30859375 0.060546875 0.2578125 
6 0.6865234375 0.607421875 0.056640625 0.26953125 
