6 0.3134765625 0.6328125 0.060546875 0.1640625 
6 0.4033203125 0.607421875 0.029296875 0.08984375 
6 0.6904296875 0.623046875 0.056640625 0.15234375 
6 0.650390625 0.640625 0.05859375 0.171875 
6 0.681640625 0.4765625 0.04296875 0.15625 
6 0.6513671875 0.4765625 0.041015625 0.15625 
6 0.58984375 0.4921875 0.03125 0.1328125 
6 0.3671875 0.484375 0.046875 0.15625 
6 0.431640625 0.66015625 0.03125 0.171875 
6 0.3984375 0.490234375 0.01953125 0.12890625 
6 0.4248046875 0.5 0.029296875 0.125 
6 0.3203125 0.478515625 0.0546875 0.14453125 
6 0.609375 0.642578125 0.046875 0.16015625 
6 0.6142578125 0.4765625 0.029296875 0.15625 
6 0.365234375 0.634765625 0.046875 0.16796875 
