6 0.31640625 0.349609375 0.06640625 0.19921875 
6 0.3125 0.5625 0.05078125 0.1953125 
6 0.3720703125 0.333984375 0.056640625 0.18359375 
6 0.4208984375 0.337890625 0.048828125 0.16796875 
6 0.421875 0.5625 0.046875 0.1796875 
6 0.390625 0.564453125 0.02734375 0.16796875 
6 0.63671875 0.3359375 0.03515625 0.203125 
6 0.673828125 0.34375 0.046875 0.1953125 
6 0.6748046875 0.572265625 0.044921875 0.16796875 
6 0.7177734375 0.564453125 0.037109375 0.17578125 
6 0.357421875 0.55859375 0.05078125 0.15625 
6 0.60546875 0.33203125 0.03125 0.2265625 
