6 0.3583984375 0.47265625 0.060546875 0.15625 
6 0.2900390625 0.626953125 0.064453125 0.14453125 
6 0.6875 0.650390625 0.05078125 0.20703125 
6 0.59765625 0.669921875 0.04296875 0.21484375 
6 0.3896484375 0.671875 0.037109375 0.21875 
6 0.63671875 0.611328125 0.0546875 0.12890625 
6 0.56640625 0.658203125 0.0390625 0.19921875 
6 0.67578125 0.47265625 0.046875 0.1484375 
6 0.5927734375 0.4609375 0.044921875 0.1875 
6 0.5078125 0.44921875 0.03125 0.1875 
6 0.3359375 0.6640625 0.08203125 0.1796875 
