6 0.6953125 0.626953125 0.0703125 0.24609375 
6 0.7626953125 0.59375 0.080078125 0.2265625 
6 0.6650390625 0.376953125 0.041015625 0.28515625 
6 0.33203125 0.3671875 0.03515625 0.2734375 
6 0.2890625 0.361328125 0.05859375 0.26953125 
6 0.228515625 0.58984375 0.07421875 0.2421875 
6 0.296875 0.6328125 0.08203125 0.2734375 
2 0.169921875 0.55859375 0.07421875 0.1953125 
2 0.81640625 0.56640625 0.0625 0.1875 
2 0.20703125 0.2421875 0.0625 0.1640625 
6 0.650390625 0.666015625 0.046875 0.26953125 
6 0.7080078125 0.373046875 0.056640625 0.26953125 
