6 0.599609375 0.46484375 0.02734375 0.1796875 
6 0.5712890625 0.455078125 0.025390625 0.14453125 
6 0.353515625 0.490234375 0.04296875 0.15234375 
6 0.6640625 0.28515625 0.07421875 0.1484375 
6 0.3466796875 0.310546875 0.064453125 0.16796875 
6 0.6982421875 0.314453125 0.064453125 0.14453125 
6 0.6962890625 0.46875 0.044921875 0.1328125 
6 0.298828125 0.326171875 0.06640625 0.16015625 
6 0.3125 0.4921875 0.0390625 0.15625 
6 0.48828125 0.5078125 0.02734375 0.2109375 
6 0.462890625 0.50390625 0.02734375 0.1953125 
