6 0.7373046875 0.50390625 0.037109375 0.140625 
6 0.421875 0.49609375 0.03125 0.15625 
6 0.6171875 0.50390625 0.03125 0.1328125 
6 0.6513671875 0.505859375 0.041015625 0.14453125 
6 0.6943359375 0.509765625 0.041015625 0.15234375 
6 0.3212890625 0.521484375 0.048828125 0.12890625 
6 0.328125 0.6875 0.0546875 0.1484375 
6 0.5927734375 0.478515625 0.029296875 0.15234375 
6 0.666015625 0.708984375 0.04296875 0.19921875 
6 0.6259765625 0.703125 0.041015625 0.2109375 
6 0.5888671875 0.701171875 0.041015625 0.22265625 
6 0.3818359375 0.712890625 0.044921875 0.19921875 
6 0.3642578125 0.513671875 0.041015625 0.15234375 
6 0.3974609375 0.505859375 0.029296875 0.16796875 
