6 0.7109375 0.48828125 0.05078125 0.1796875 
6 0.580078125 0.5078125 0.03125 0.1953125 
6 0.4052734375 0.494140625 0.025390625 0.16796875 
6 0.6162109375 0.31640625 0.033203125 0.1796875 
6 0.3056640625 0.490234375 0.048828125 0.16796875 
6 0.298828125 0.31640625 0.0703125 0.1640625 
6 0.3544921875 0.357421875 0.044921875 0.08203125 
6 0.392578125 0.294921875 0.0390625 0.19921875 
6 0.5849609375 0.3203125 0.033203125 0.171875 
6 0.634765625 0.501953125 0.03515625 0.16796875 
6 0.66015625 0.302734375 0.05859375 0.18359375 
6 0.7021484375 0.31640625 0.056640625 0.15625 
6 0.3798828125 0.4921875 0.029296875 0.171875 
6 0.66796875 0.49609375 0.046875 0.1875 
6 0.6064453125 0.4921875 0.021484375 0.1640625 
