6 0.611328125 0.33984375 0.0234375 0.109375 
6 0.634765625 0.341796875 0.0234375 0.09765625 
6 0.7265625 0.333984375 0.08203125 0.15234375 
6 0.66796875 0.341796875 0.03515625 0.08203125 
6 0.2900390625 0.462890625 0.048828125 0.16015625 
2 0.7255859375 0.33203125 0.076171875 0.140625 
6 0.5537109375 0.5078125 0.025390625 0.125 
6 0.5830078125 0.513671875 0.029296875 0.15234375 
6 0.6103515625 0.509765625 0.025390625 0.16796875 
6 0.640625 0.5078125 0.03515625 0.1640625 
6 0.5244140625 0.505859375 0.033203125 0.14453125 
6 0.4638671875 0.513671875 0.025390625 0.17578125 
6 0.580078125 0.314453125 0.03515625 0.19140625 
6 0.42578125 0.31640625 0.0390625 0.1796875 
6 0.337890625 0.486328125 0.05078125 0.17578125 
6 0.4111328125 0.48828125 0.037109375 0.1171875 
6 0.3759765625 0.494140625 0.037109375 0.16015625 
