6 0.287109375 0.412109375 0.046875 0.18359375 
6 0.3974609375 0.65234375 0.037109375 0.203125 
6 0.6337890625 0.654296875 0.060546875 0.20703125 
6 0.685546875 0.64453125 0.0625 0.1875 
6 0.654296875 0.416015625 0.046875 0.19921875 
6 0.3359375 0.427734375 0.0390625 0.16796875 
6 0.3056640625 0.638671875 0.064453125 0.19140625 
6 0.3515625 0.646484375 0.05859375 0.20703125 
6 0.5908203125 0.658203125 0.037109375 0.20703125 
6 0.3984375 0.423828125 0.03125 0.18359375 
6 0.3720703125 0.419921875 0.025390625 0.18359375 
