6 0.697265625 0.568359375 0.0625 0.24609375 
6 0.7509765625 0.548828125 0.068359375 0.23828125 
6 0.2744140625 0.57421875 0.068359375 0.234375 
6 0.4150390625 0.583984375 0.041015625 0.23828125 
6 0.328125 0.580078125 0.06640625 0.22265625 
6 0.6484375 0.57421875 0.0390625 0.25 
6 0.3505859375 0.318359375 0.041015625 0.23828125 
6 0.6650390625 0.296875 0.029296875 0.2421875 
6 0.6328125 0.33203125 0.03125 0.1953125 
6 0.3759765625 0.591796875 0.037109375 0.23828125 
6 0.7607421875 0.306640625 0.056640625 0.22265625 
