6 0.7138671875 0.416015625 0.068359375 0.17578125 
6 0.673828125 0.37890625 0.0625 0.1796875 
6 0.630859375 0.35546875 0.04296875 0.140625 
6 0.6396484375 0.541015625 0.037109375 0.17578125 
6 0.39453125 0.3515625 0.0390625 0.15625 
6 0.431640625 0.529296875 0.02734375 0.24609375 
6 0.6064453125 0.33984375 0.037109375 0.15625 
6 0.349609375 0.53515625 0.04296875 0.15625 
6 0.3857421875 0.53125 0.037109375 0.1640625 
6 0.3115234375 0.564453125 0.048828125 0.16796875 
6 0.6044921875 0.537109375 0.033203125 0.18359375 
6 0.2919921875 0.380859375 0.060546875 0.16015625 
6 0.6787109375 0.619140625 0.048828125 0.23046875 
6 0.3466796875 0.359375 0.072265625 0.171875 
