6 0.3916015625 0.591796875 0.068359375 0.16796875 
6 0.546875 0.568359375 0.02734375 0.08203125 
6 0.5234375 0.564453125 0.0234375 0.09765625 
6 0.5009765625 0.5625 0.025390625 0.109375 
6 0.4267578125 0.525390625 0.037109375 0.23046875 
6 0.4560546875 0.529296875 0.029296875 0.20703125 
6 0.482421875 0.51171875 0.02734375 0.1953125 
6 0.4794921875 0.7421875 0.025390625 0.140625 
6 0.505859375 0.73828125 0.0234375 0.15625 
6 0.5498046875 0.755859375 0.025390625 0.14453125 
6 0.57421875 0.544921875 0.0234375 0.19140625 
6 0.595703125 0.560546875 0.0234375 0.19140625 
6 0.6220703125 0.57421875 0.029296875 0.1875 
6 0.458984375 0.76953125 0.0234375 0.1015625 
