6 0.6298828125 0.294921875 0.033203125 0.24609375 
6 0.6640625 0.287109375 0.03515625 0.23828125 
6 0.61328125 0.541015625 0.02734375 0.19921875 
6 0.65234375 0.595703125 0.04296875 0.29296875 
6 0.70703125 0.572265625 0.078125 0.26171875 
6 0.361328125 0.591796875 0.03515625 0.26171875 
6 0.3427734375 0.296875 0.041015625 0.2421875 
6 0.298828125 0.296875 0.046875 0.234375 
6 0.2509765625 0.2890625 0.056640625 0.2109375 
6 0.2451171875 0.53125 0.072265625 0.21875 
6 0.3046875 0.580078125 0.0703125 0.25390625 
6 0.37890625 0.296875 0.04296875 0.2421875 
6 0.3994140625 0.552734375 0.029296875 0.20703125 
6 0.7490234375 0.271484375 0.048828125 0.22265625 
6 0.76953125 0.537109375 0.0859375 0.25390625 
6 0.705078125 0.29296875 0.04296875 0.2265625 
