6 0.37890625 0.6875 0.0625 0.1875 
6 0.6357421875 0.451171875 0.044921875 0.19140625 
6 0.671875 0.6484375 0.09375 0.1875 
6 0.5693359375 0.7109375 0.033203125 0.1875 
6 0.71484375 0.60546875 0.0703125 0.1640625 
6 0.3671875 0.470703125 0.05078125 0.19140625 
6 0.6318359375 0.685546875 0.064453125 0.18359375 
6 0.6767578125 0.431640625 0.052734375 0.18359375 
6 0.3271484375 0.439453125 0.052734375 0.19140625 
6 0.2919921875 0.61328125 0.087890625 0.171875 
6 0.56640625 0.5078125 0.03125 0.1796875 
