7 0.533203125 0.552734375 0.01953125 0.12890625 
6 0.4287109375 0.5390625 0.017578125 0.1640625 
6 0.6591796875 0.53515625 0.033203125 0.125 
6 0.408203125 0.517578125 0.0234375 0.16015625 
6 0.572265625 0.349609375 0.03125 0.15234375 
6 0.48046875 0.357421875 0.0234375 0.15234375 
6 0.57421875 0.54296875 0.0234375 0.15625 
6 0.59375 0.53515625 0.0234375 0.1640625 
6 0.625 0.525390625 0.0390625 0.15234375 
6 0.3408203125 0.537109375 0.041015625 0.14453125 
6 0.3779296875 0.5234375 0.041015625 0.1640625 
6 0.6640625 0.380859375 0.0703125 0.14453125 
6 0.4580078125 0.36328125 0.029296875 0.140625 
