6 0.4580078125 0.482421875 0.037109375 0.15234375 
6 0.3466796875 0.666015625 0.072265625 0.16796875 
6 0.419921875 0.671875 0.0234375 0.1640625 
6 0.630859375 0.509765625 0.04296875 0.16015625 
6 0.6640625 0.6796875 0.0625 0.171875 
6 0.3408203125 0.482421875 0.041015625 0.16796875 
6 0.384765625 0.48828125 0.03515625 0.1640625 
6 0.5654296875 0.69921875 0.033203125 0.203125 
6 0.3076171875 0.6328125 0.064453125 0.1328125 
6 0.5830078125 0.693359375 0.025390625 0.19921875 
6 0.4189453125 0.48828125 0.029296875 0.1640625 
6 0.3935546875 0.666015625 0.025390625 0.15234375 
6 0.6220703125 0.689453125 0.064453125 0.17578125 
6 0.6728515625 0.5 0.041015625 0.171875 
