7 0.591796875 0.5234375 0.0390625 0.203125 
7 0.4052734375 0.533203125 0.037109375 0.19921875 
7 0.2744140625 0.314453125 0.072265625 0.17578125 
6 0.4775390625 0.501953125 0.037109375 0.11328125 
6 0.517578125 0.5 0.0390625 0.1171875 
6 0.40234375 0.326171875 0.02734375 0.19140625 
6 0.55078125 0.4921875 0.03125 0.0859375 
6 0.6708984375 0.4921875 0.060546875 0.1875 
6 0.4443359375 0.484375 0.033203125 0.0859375 
6 0.376953125 0.53125 0.03125 0.1953125 
6 0.7138671875 0.4765625 0.048828125 0.1796875 
6 0.6220703125 0.51171875 0.029296875 0.1796875 
