6 0.2421875 0.4140625 0.08203125 0.234375 
6 0.6826171875 0.375 0.080078125 0.2421875 
6 0.3076171875 0.388671875 0.083984375 0.23828125 
6 0.744140625 0.384765625 0.078125 0.23046875 
6 0.609375 0.62109375 0.0390625 0.2265625 
6 0.396484375 0.64453125 0.03515625 0.2265625 
6 0.72265625 0.626953125 0.05859375 0.19140625 
6 0.62890625 0.357421875 0.04296875 0.20703125 
6 0.6484375 0.62109375 0.03515625 0.203125 
6 0.359375 0.388671875 0.046875 0.24609375 
6 0.326171875 0.6640625 0.0625 0.2265625 
6 0.26953125 0.669921875 0.05859375 0.24609375 
