6 0.4013671875 0.48046875 0.017578125 0.1015625 
6 0.4169921875 0.46875 0.017578125 0.1171875 
6 0.32421875 0.640625 0.0859375 0.171875 
6 0.64453125 0.654296875 0.06640625 0.18359375 
6 0.626953125 0.466796875 0.0234375 0.10546875 
6 0.6025390625 0.478515625 0.025390625 0.09765625 
6 0.5732421875 0.423828125 0.029296875 0.23046875 
6 0.439453125 0.43359375 0.03515625 0.21875 
6 0.3662109375 0.439453125 0.052734375 0.18359375 
6 0.693359375 0.611328125 0.078125 0.14453125 
6 0.599609375 0.66015625 0.03125 0.1875 
6 0.4033203125 0.671875 0.037109375 0.1875 
6 0.6650390625 0.423828125 0.056640625 0.18359375 
