6 0.4814453125 0.63671875 0.021484375 0.140625 
6 0.5322265625 0.642578125 0.021484375 0.13671875 
6 0.6708984375 0.513671875 0.044921875 0.11328125 
6 0.5439453125 0.46484375 0.021484375 0.140625 
6 0.59375 0.65625 0.03125 0.140625 
6 0.458984375 0.458984375 0.0234375 0.14453125 
6 0.4853515625 0.455078125 0.033203125 0.15234375 
6 0.517578125 0.455078125 0.03125 0.15234375 
6 0.5703125 0.416015625 0.03515625 0.24609375 
6 0.427734375 0.416015625 0.0390625 0.22265625 
6 0.3876953125 0.419921875 0.041015625 0.22265625 
6 0.3544921875 0.421875 0.037109375 0.2265625 
6 0.3212890625 0.4296875 0.029296875 0.2265625 
6 0.287109375 0.419921875 0.04296875 0.23828125 
6 0.6630859375 0.69140625 0.041015625 0.203125 
6 0.6259765625 0.689453125 0.033203125 0.21484375 
6 0.5615234375 0.705078125 0.037109375 0.26171875 
6 0.5029296875 0.703125 0.037109375 0.265625 
6 0.4580078125 0.681640625 0.029296875 0.25390625 
6 0.39453125 0.67578125 0.03515625 0.21875 
6 0.357421875 0.66796875 0.046875 0.203125 
6 0.427734375 0.673828125 0.03515625 0.23828125 
6 0.6103515625 0.4375 0.052734375 0.2109375 
6 0.7099609375 0.48046875 0.044921875 0.1875 
6 0.640625 0.44140625 0.046875 0.2265625 
