7 0.28515625 0.52734375 0.02734375 0.1015625 
7 0.3134765625 0.52734375 0.029296875 0.09375 
7 0.599609375 0.5390625 0.02734375 0.1640625 
7 0.5712890625 0.556640625 0.025390625 0.15234375 
6 0.2783203125 0.380859375 0.052734375 0.13671875 
6 0.7158203125 0.39453125 0.056640625 0.1328125 
6 0.599609375 0.537109375 0.02734375 0.16796875 
6 0.6689453125 0.3984375 0.033203125 0.0703125 
6 0.6396484375 0.3515625 0.033203125 0.1484375 
6 0.3642578125 0.373046875 0.025390625 0.11328125 
6 0.3974609375 0.33984375 0.037109375 0.1796875 
6 0.326171875 0.353515625 0.0546875 0.13671875 
6 0.626953125 0.5 0.02734375 0.109375 
6 0.6533203125 0.541015625 0.029296875 0.19140625 
6 0.6103515625 0.337890625 0.029296875 0.16015625 
6 0.6884765625 0.544921875 0.044921875 0.19140625 
