6 0.556640625 0.451171875 0.03125 0.14453125 
6 0.33203125 0.642578125 0.05859375 0.17578125 
6 0.416015625 0.453125 0.02734375 0.140625 
6 0.60546875 0.65625 0.03515625 0.1640625 
6 0.4423828125 0.642578125 0.025390625 0.14453125 
6 0.7080078125 0.458984375 0.044921875 0.16796875 
6 0.3583984375 0.4921875 0.044921875 0.0859375 
6 0.3935546875 0.447265625 0.033203125 0.16796875 
6 0.640625 0.6484375 0.05859375 0.1796875 
6 0.69140625 0.646484375 0.05078125 0.16796875 
6 0.3740234375 0.669921875 0.044921875 0.19140625 
6 0.412109375 0.662109375 0.03125 0.19140625 
6 0.578125 0.658203125 0.03125 0.19921875 
6 0.31640625 0.44921875 0.04296875 0.1875 
6 0.6630859375 0.453125 0.048828125 0.15625 
6 0.630859375 0.412109375 0.0234375 0.12890625 
6 0.59375 0.462890625 0.046875 0.14453125 
6 0.4658203125 0.447265625 0.029296875 0.17578125 
