6 0.7578125 0.353515625 0.0703125 0.13671875 
6 0.400390625 0.365234375 0.03515625 0.16015625 
6 0.3662109375 0.373046875 0.041015625 0.13671875 
6 0.3330078125 0.3671875 0.037109375 0.140625 
6 0.2841796875 0.375 0.068359375 0.15625 
6 0.705078125 0.365234375 0.0390625 0.07421875 
6 0.6669921875 0.357421875 0.037109375 0.06640625 
6 0.470703125 0.541015625 0.04296875 0.16796875 
6 0.75390625 0.5078125 0.0546875 0.1328125 
6 0.6298828125 0.322265625 0.041015625 0.15234375 
6 0.337890625 0.5390625 0.02734375 0.1484375 
6 0.3681640625 0.55078125 0.037109375 0.171875 
6 0.615234375 0.529296875 0.04296875 0.14453125 
6 0.65234375 0.517578125 0.0390625 0.15234375 
6 0.6943359375 0.5 0.056640625 0.1484375 
