6 0.615234375 0.4609375 0.01953125 0.1875 
6 0.5908203125 0.466796875 0.029296875 0.17578125 
6 0.39453125 0.62890625 0.02734375 0.1328125 
6 0.380859375 0.478515625 0.03125 0.16015625 
6 0.35546875 0.46875 0.0234375 0.171875 
6 0.32421875 0.45703125 0.03125 0.1953125 
6 0.287109375 0.44921875 0.0390625 0.2109375 
6 0.3623046875 0.646484375 0.037109375 0.17578125 
6 0.6474609375 0.484375 0.041015625 0.171875 
6 0.69140625 0.48828125 0.046875 0.171875 
6 0.6953125 0.6640625 0.05078125 0.1796875 
6 0.64453125 0.669921875 0.046875 0.19140625 
6 0.5986328125 0.658203125 0.044921875 0.18359375 
