7 0.4345703125 0.521484375 0.029296875 0.16015625 
7 0.3935546875 0.529296875 0.021484375 0.14453125 
7 0.6201171875 0.72265625 0.064453125 0.15625 
7 0.57421875 0.712890625 0.0234375 0.16015625 
7 0.552734375 0.701171875 0.0234375 0.16015625 
7 0.427734375 0.685546875 0.03125 0.13671875 
7 0.447265625 0.693359375 0.0234375 0.12890625 
7 0.458984375 0.513671875 0.01953125 0.13671875 
7 0.5546875 0.513671875 0.01953125 0.11328125 
7 0.3232421875 0.501953125 0.029296875 0.10546875 
7 0.3740234375 0.681640625 0.048828125 0.08984375 
6 0.53125 0.54296875 0.0234375 0.1328125 
