6 0.76171875 0.318359375 0.06640625 0.22265625 
6 0.3427734375 0.421875 0.048828125 0.09375 
6 0.65625 0.3515625 0.0390625 0.234375 
6 0.615234375 0.4140625 0.04296875 0.125 
6 0.576171875 0.35546875 0.04296875 0.234375 
6 0.3837890625 0.3515625 0.052734375 0.2421875 
6 0.2294921875 0.36328125 0.056640625 0.1640625 
6 0.232421875 0.572265625 0.0859375 0.18359375 
6 0.294921875 0.5625 0.04296875 0.1015625 
6 0.701171875 0.41015625 0.0625 0.109375 
6 0.3408203125 0.615234375 0.041015625 0.17578125 
6 0.3798828125 0.62890625 0.037109375 0.234375 
6 0.6083984375 0.59765625 0.041015625 0.171875 
6 0.787109375 0.5390625 0.10546875 0.203125 
6 0.6591796875 0.5859375 0.052734375 0.109375 
6 0.7294921875 0.607421875 0.103515625 0.21484375 
6 0.4814453125 0.34765625 0.048828125 0.2578125 
6 0.5263671875 0.349609375 0.048828125 0.25390625 
6 0.53515625 0.6015625 0.02734375 0.2109375 
6 0.2890625 0.365234375 0.05859375 0.20703125 
