6 0.48046875 0.54296875 0.02734375 0.140625 
6 0.603515625 0.375 0.02734375 0.1484375 
6 0.6376953125 0.40234375 0.041015625 0.0703125 
6 0.69140625 0.404296875 0.06640625 0.13671875 
6 0.4248046875 0.541015625 0.025390625 0.16796875 
6 0.3076171875 0.5390625 0.052734375 0.140625 
6 0.373046875 0.505859375 0.02734375 0.08203125 
6 0.580078125 0.3515625 0.01953125 0.1796875 
6 0.3447265625 0.51171875 0.029296875 0.09375 
6 0.5615234375 0.546875 0.037109375 0.1796875 
6 0.376953125 0.384765625 0.0625 0.16015625 
6 0.39453125 0.5546875 0.03515625 0.1796875 
6 0.4482421875 0.373046875 0.033203125 0.16015625 
6 0.3232421875 0.39453125 0.068359375 0.1484375 
