6 0.2998046875 0.642578125 0.064453125 0.17578125 
6 0.3271484375 0.4609375 0.033203125 0.1875 
6 0.39453125 0.685546875 0.03515625 0.21484375 
6 0.658203125 0.439453125 0.05859375 0.21484375 
6 0.65625 0.671875 0.078125 0.2109375 
6 0.6083984375 0.6875 0.044921875 0.234375 
6 0.2919921875 0.44140625 0.041015625 0.2109375 
6 0.755859375 0.5703125 0.08203125 0.1796875 
6 0.7119140625 0.646484375 0.083984375 0.21484375 
6 0.361328125 0.466796875 0.03125 0.18359375 
6 0.4267578125 0.6875 0.037109375 0.2109375 
6 0.388671875 0.470703125 0.02734375 0.19921875 
6 0.3544921875 0.673828125 0.052734375 0.20703125 
6 0.705078125 0.419921875 0.05078125 0.20703125 
