6 0.7001953125 0.642578125 0.064453125 0.17578125 
6 0.244140625 0.5703125 0.08203125 0.1796875 
6 0.2880859375 0.646484375 0.083984375 0.21484375 
6 0.638671875 0.466796875 0.03125 0.18359375 
6 0.5732421875 0.6875 0.037109375 0.2109375 
6 0.611328125 0.470703125 0.02734375 0.19921875 
6 0.6728515625 0.4609375 0.033203125 0.1875 
6 0.60546875 0.685546875 0.03515625 0.21484375 
6 0.341796875 0.439453125 0.05859375 0.21484375 
6 0.34375 0.671875 0.078125 0.2109375 
6 0.7080078125 0.44140625 0.041015625 0.2109375 
6 0.3916015625 0.6875 0.044921875 0.234375 
6 0.6455078125 0.673828125 0.052734375 0.20703125 
6 0.294921875 0.419921875 0.05078125 0.20703125 
