6 0.3896484375 0.58203125 0.033203125 0.203125 
6 0.5791015625 0.37109375 0.029296875 0.21875 
6 0.416015625 0.3671875 0.03125 0.21875 
6 0.6337890625 0.578125 0.033203125 0.203125 
6 0.5048828125 0.439453125 0.005859375 0.00390625 
6 0.330078125 0.583984375 0.05078125 0.19140625 
6 0.603515625 0.58203125 0.03515625 0.1953125 
6 0.669921875 0.58203125 0.0546875 0.1953125 
6 0.6083984375 0.375 0.029296875 0.203125 
6 0.6494140625 0.373046875 0.056640625 0.19140625 
6 0.6982421875 0.384765625 0.056640625 0.17578125 
6 0.279296875 0.5859375 0.0546875 0.1953125 
6 0.3857421875 0.369140625 0.029296875 0.20703125 
6 0.341796875 0.3671875 0.06640625 0.203125 
6 0.2890625 0.390625 0.06640625 0.203125 
