6 0.3017578125 0.4765625 0.037109375 0.203125 
6 0.3447265625 0.478515625 0.041015625 0.19921875 
6 0.3798828125 0.474609375 0.037109375 0.17578125 
6 0.4033203125 0.486328125 0.029296875 0.15234375 
6 0.7099609375 0.349609375 0.068359375 0.16015625 
6 0.666015625 0.3046875 0.078125 0.15625 
6 0.62109375 0.275390625 0.0390625 0.17578125 
6 0.591796875 0.263671875 0.04296875 0.16796875 
6 0.38671875 0.2734375 0.03515625 0.171875 
6 0.5595703125 0.494140625 0.025390625 0.18359375 
6 0.59765625 0.4921875 0.0234375 0.1796875 
6 0.625 0.486328125 0.02734375 0.17578125 
6 0.646484375 0.49609375 0.0234375 0.15625 
6 0.4189453125 0.275390625 0.021484375 0.17578125 
