7 0.3544921875 0.7109375 0.068359375 0.15625 
7 0.427734375 0.71875 0.02734375 0.1484375 
7 0.4375 0.54296875 0.03515625 0.1640625 
6 0.380859375 0.54296875 0.03125 0.140625 
6 0.6123046875 0.541015625 0.025390625 0.14453125 
6 0.529296875 0.54296875 0.03125 0.15625 
6 0.6142578125 0.720703125 0.037109375 0.13671875 
6 0.5849609375 0.7265625 0.029296875 0.140625 
6 0.4267578125 0.720703125 0.029296875 0.14453125 
6 0.3994140625 0.724609375 0.037109375 0.15234375 
6 0.3544921875 0.7109375 0.068359375 0.15625 
6 0.3076171875 0.68359375 0.052734375 0.125 
6 0.7119140625 0.517578125 0.041015625 0.16015625 
6 0.302734375 0.54296875 0.04296875 0.125 
6 0.40625 0.53515625 0.03125 0.140625 
6 0.4365234375 0.54296875 0.033203125 0.15625 
6 0.6376953125 0.53125 0.041015625 0.1640625 
6 0.67578125 0.5078125 0.03515625 0.171875 
6 0.341796875 0.5234375 0.05078125 0.1640625 
6 0.4658203125 0.54296875 0.033203125 0.15625 
