6 0.3349609375 0.48828125 0.044921875 0.1484375 
6 0.283203125 0.349609375 0.0625 0.18359375 
6 0.6044921875 0.310546875 0.044921875 0.19921875 
6 0.650390625 0.322265625 0.0546875 0.19140625 
6 0.7021484375 0.34765625 0.060546875 0.15625 
6 0.3310546875 0.32421875 0.056640625 0.171875 
6 0.6474609375 0.48046875 0.044921875 0.1328125 
6 0.6044921875 0.484375 0.044921875 0.140625 
6 0.3759765625 0.328125 0.033203125 0.140625 
6 0.3935546875 0.486328125 0.029296875 0.16015625 
6 0.6962890625 0.505859375 0.048828125 0.16015625 
6 0.365234375 0.498046875 0.01953125 0.17578125 
