6 0.634765625 0.59375 0.02734375 0.0625 
6 0.390625 0.533203125 0.03125 0.16796875 
6 0.6640625 0.533203125 0.03515625 0.16796875 
6 0.47265625 0.568359375 0.02734375 0.14453125 
6 0.607421875 0.5625 0.02734375 0.15625 
6 0.3525390625 0.53125 0.044921875 0.15625 
6 0.30078125 0.66796875 0.06640625 0.1484375 
6 0.30859375 0.5234375 0.04296875 0.1484375 
6 0.7119140625 0.67578125 0.060546875 0.1484375 
6 0.6962890625 0.53125 0.037109375 0.1484375 
6 0.396484375 0.701171875 0.05078125 0.18359375 
6 0.669921875 0.6953125 0.0625 0.15625 
6 0.3544921875 0.693359375 0.060546875 0.16015625 
6 0.5302734375 0.5703125 0.029296875 0.1640625 
6 0.5 0.58203125 0.02734375 0.1484375 
