6 0.6552734375 0.375 0.041015625 0.0859375 
6 0.318359375 0.390625 0.0234375 0.0703125 
6 0.224609375 0.38671875 0.0859375 0.1640625 
6 0.6142578125 0.322265625 0.048828125 0.20703125 
6 0.6083984375 0.533203125 0.041015625 0.18359375 
6 0.69140625 0.51953125 0.0546875 0.15625 
6 0.7080078125 0.33203125 0.072265625 0.1875 
6 0.7255859375 0.28125 0.001953125 0.0078125 
6 0.328125 0.54296875 0.03515625 0.1875 
6 0.345703125 0.341796875 0.03515625 0.16796875 
6 0.6474609375 0.5234375 0.037109375 0.1640625 
6 0.7431640625 0.529296875 0.052734375 0.17578125 
6 0.7724609375 0.369140625 0.087890625 0.16796875 
6 0.2509765625 0.548828125 0.048828125 0.17578125 
6 0.27734375 0.34765625 0.06640625 0.171875 
6 0.359375 0.53515625 0.03125 0.171875 
6 0.2919921875 0.53125 0.041015625 0.171875 
