6 0.677734375 0.43359375 0.0390625 0.1875 
6 0.71484375 0.43359375 0.03515625 0.15625 
6 0.7080078125 0.6328125 0.080078125 0.1796875 
6 0.6181640625 0.68359375 0.044921875 0.1953125 
6 0.3369140625 0.6484375 0.072265625 0.1640625 
6 0.31640625 0.44140625 0.0390625 0.1640625 
6 0.2568359375 0.578125 0.064453125 0.1484375 
6 0.35546875 0.453125 0.04296875 0.1640625 
6 0.6630859375 0.66015625 0.068359375 0.203125 
2 0.755859375 0.615234375 0.07421875 0.14453125 
6 0.634765625 0.439453125 0.046875 0.19921875 
6 0.2978515625 0.625 0.064453125 0.171875 
