1 0.0203125 0.20442708333333334 0.040625 0.2109375
3 0.7953125 0.46724748634762747 0.046875 0.1983711846206475
3 0.83046875 0.4773232645488085 0.05 0.19840148581757955
1 0.74453125 0.5703125 0.0421875 0.057291666666666664
3 0.68359375 0.4461953374712819 0.0578125 0.18545640547657646
3 0.71875 0.45887528233912955 0.0609375 0.16725754000684181
3 0.76328125 0.4805789069495144 0.0484375 0.1463030018857802
1 0.03828125 0.6419270833333334 0.0765625 0.0859375
1 0.43828125 0.9453125 0.0703125 0.109375
1 0.7671875 0.96484375 0.0875 0.0703125
