3 0.14494668395927465 0.2383689753414957 0.06548064401654478 0.23018742155270489
3 0.1791853239576838 0.2587419908405563 0.06860564401654479 0.23032313734486562
1 0.07829443861395698 0.4059420390468409 0.057486330681090256 0.20069361312186587
3 0.03671875 0.1836734693877551 0.0734375 0.22157434402332363
3 0.07092792862827454 0.2095222545598308 0.0762181493475449 0.19859245597978628
3 0.11209782129218375 0.24562489494927034 0.060447698679181275 0.17459026185863302
1 0.935499505967547 0.22213407268513047 0.07387494668999892 0.3238211716745062
2 0.15139667862827447 0.8148263439892449 0.10750451201463562 0.20578051769148054
2 0.23203125 0.934402332361516 0.0796875 0.13119533527696792
2 0.3046875 0.9577259475218659 0.09375 0.08454810495626822
2 0.41484375 0.9708454810495627 0.0984375 0.05830903790087463
2 0.225 0.5845481049562682 0.109375 0.15451895043731778
2 0.359375 0.5991253644314869 0.090625 0.1836734693877551
2 0.48828125 0.967930029154519 0.0828125 0.0641399416909621
2 0.4719369926400466 0.6391418240658884 0.07156701201463563 0.2042197860816328
1 0.86796875 0.5670553935860059 0.0921875 0.119533527696793
1 0.98046875 0.7317784256559767 0.0390625 0.26239067055393583