1 0.32819695498680873 0.2636192290570266 0.07812997840045348 0.23052126735411674
1 0.0869543960938012 0.2833962498033345 0.06357640507947586 0.20608360705293832
2 0.3776463726801563 0.42362355007803915 0.10801588584218216 0.16609366989968485
1 0.14479915634542023 0.5090181522832565 0.06379465988879929 0.21663769676270084
1 0.734375 0.3641160949868074 0.01953125 0.16358839050131926
1 0.63828125 0.15699208443271767 0.03828125 0.18337730870712401
0 0.67421875 0.15303430079155672 0.0328125 0.19393139841688653
1 0.84375 0.25065963060686014 0.046875 0.20052770448548812
1 0.12578125 0.8192612137203166 0.1109375 0.20316622691292877
1 0.47578125 0.9102902374670184 0.0484375 0.17941952506596306
1 0.36484375 0.7810026385224275 0.0671875 0.1266490765171504
1 0.78046875 0.7572559366754618 0.0390625 0.079155672823219