7 0.30825067051050076 0.24980699216418686 0.12842597241038015 0.21807981717139785
1 0.21537709577069997 0.14827310247558206 0.08065021370395282 0.1874893007183722
2 0.28203125 0.07547169811320754 0.0828125 0.1509433962264151
1 0.050704843395850754 0.40761061215662286 0.07291960085908258 0.19002789838051398
2 0.9297737884437538 0.2480995411784083 0.10227955223856355 0.1798421437064238
2 0.95546875 0.4339622641509434 0.0890625 0.1725067385444744
1 0.8352735159425165 0.3243220874989386 0.10580734396167771 0.244563534686125
1 0.5859375 0.41778975741239893 0.0875 0.2210242587601078
1 0.72109375 0.48787061994609165 0.0796875 0.08086253369272237
2 0.1453213025772479 0.6572152571284267 0.07201884215265544 0.16037830269318246
2 0.12461373416902513 0.8494044406621882 0.12275582654882307 0.18564071161773946
1 0.23166823835289668 0.6724173674809865 0.09347776232447184 0.1985218840815869
1 0.68828125 0.921832884097035 0.0796875 0.15633423180592992
3 0.47578125 0.9663072776280324 0.0984375 0.0673854447439353
3 0.434375 0.977088948787062 0.084375 0.04582210242587601
3 0.8044263076656305 0.8700177896201058 0.06823210085908257 0.18993380630394438
3 0.832100928312417 0.8557575442358566 0.056230067842395925 0.1546738268584361