1 0.4561097553183336 0.16406057140635552 0.05392639342673622 0.18120934596667854
1 0.6992986704965627 0.34543160890984054 0.07907186379145834 0.19347734720793205
1 0.44730041261277814 0.384440317867314 0.04211737765916688 0.2327676530383596
2 0.7244233442241669 0.1173443932277161 0.08139677678548622 0.13319766054990204
2 0.20080400626826406 0.13038698789777894 0.08139677678548622 0.13319766054990204
1 0.98125 0.17857142857142858 0.0375 0.1978021978021978
1 0.46796875 0.9175824175824175 0.0296875 0.16483516483516483
1 0.54296875 0.9271978021978022 0.0265625 0.14560439560439561
1 0.775 0.695054945054945 0.0125 0.19230769230769232
1 0.92265625 0.9244505494505495 0.1046875 0.1510989010989011
1 0.890625 0.695054945054945 0.0625 0.19230769230769232