1 0.47890625 0.2102003500206593 0.0921875 0.22753447979942143
1 0.8046875 0.292614695418749 0.0765625 0.245157519946412
1 0.93359375 0.0703125 0.0796875 0.140625
1 0.5828125 0.3502604166666667 0.09375 0.1953125
1 0.26328125 0.7868056789855896 0.0671875 0.21093967736793987
3 0.13515625 0.802192583113599 0.059375 0.1871991141081019
3 0.10625 0.8111264171749996 0.05 0.1503771048629631
2 0.38984375 0.8674223298200806 0.0859375 0.1413545291915511
2 0.384375 0.6619053074353006 0.0765625 0.15140751994641213
1 0.8578125 0.7086438405557861 0.1078125 0.23855727298576404
1 0.65703125 0.7841408996669553 0.0625 0.19513283941203716
1 0.64296875 0.6036968302013302 0.0796875 0.21142457858368066