1 0.44296875 0.2912938324602424 0.0609375 0.20705243717887395
1 0.3578125 0.4110512129380054 0.05 0.11590296495956873
1 0.13125 0.35789258762122383 0.0953125 0.19364183466688054
2 0.66953125 0.39622641509433965 0.0640625 0.14555256064690028
1 0.7546875 0.40161725067385445 0.084375 0.1347708894878706
1 0.0359375 0.889487870619946 0.071875 0.20485175202156333
1 0.22734375 0.8494224789332662 0.05625 0.21745748503428294
1 0.5921875 0.9083557951482479 0.08125 0.18328840970350405
1 0.85390625 0.6698561111463163 0.09375 0.22316588925300518
1 0.64609375 0.7111106271655869 0.0640625 0.2099989371710451
1 0.7109375 0.8840970350404312 0.065625 0.23180592991913745
2 0.925 0.6108782042970509 0.084375 0.17389512243013056