1 0.23850121266133203 0.1716015967284497 0.08019778896022593 0.23889709881664964
2 0.344098422076253 0.36834402608029027 0.10300799756436803 0.1687705628269696
2 0.48984375 0.22445820433436534 0.0421875 0.21981424148606812
1 0.971875 0.2770897832817337 0.05625 0.23219814241486067
1 0.97890625 0.07430340557275542 0.0421875 0.14860681114551083
1 0.70367006533855 0.3371898875447547 0.05226370373287814 0.25927185222098403
1 0.84375 0.09907120743034056 0.05625 0.19814241486068113
1 0.67734375 0.09907120743034056 0.0546875 0.19814241486068113
1 0.60546875 0.09287925696594428 0.0546875 0.18575851393188855
1 0.6265625 0.9210526315789473 0.059375 0.15789473684210525
1 0.86484375 0.9613003095975232 0.0640625 0.07739938080495357
0 0.54296875 0.9256965944272446 0.0796875 0.14860681114551083