 1 0.4248046875 0.505859375 0.025390625 0.22265625
 1 0.6279296875 0.330078125 0.060546875 0.16015625
 1 0.3173828125 0.533203125 0.041015625 0.14453125
 1 0.3154296875 0.359375 0.056640625 0.1484375
 1 0.3544921875 0.33203125 0.064453125 0.1484375
 1 0.380859375 0.509765625 0.02734375 0.14453125
 1 0.4501953125 0.474609375 0.025390625 0.17578125
 1 0.66796875 0.357421875 0.0625 0.14453125
 1 0.4013671875 0.490234375 0.021484375 0.16796875
 1 0.634765625 0.529296875 0.046875 0.18359375
 3 0.583984375 0.30859375 0.0390625 0.1640625
 3 0.353515625 0.533203125 0.02734375 0.16796875
