1 0.3798828125 0.626953125 0.041015625 0.23046875 
1 0.263671875 0.353515625 0.06640625 0.20703125 
1 0.21484375 0.37109375 0.04296875 0.1640625 
1 0.6474609375 0.654296875 0.041015625 0.24609375 
1 0.7138671875 0.37109375 0.056640625 0.25 
1 0.76953125 0.380859375 0.0546875 0.20703125 
1 0.7939453125 0.595703125 0.091796875 0.18359375 
3 0.6328125 0.361328125 0.03515625 0.23828125 
3 0.6669921875 0.353515625 0.037109375 0.24609375 
3 0.5966796875 0.330078125 0.041015625 0.27734375 
3 0.3388671875 0.63671875 0.041015625 0.265625 
