1 0.6611328125 0.35546875 0.052734375 0.21875 
1 0.494140625 0.34765625 0.03515625 0.234375 
1 0.6064453125 0.611328125 0.037109375 0.23046875 
1 0.2470703125 0.59765625 0.083984375 0.2265625 
1 0.3076171875 0.5625 0.048828125 0.09375 
1 0.2470703125 0.349609375 0.048828125 0.21484375 
1 0.330078125 0.412109375 0.03125 0.08203125 
1 0.57421875 0.59765625 0.03125 0.203125 
1 0.3486328125 0.619140625 0.041015625 0.23828125 
3 0.3828125 0.611328125 0.03125 0.21484375 
3 0.29296875 0.3515625 0.04296875 0.21875 
3 0.361328125 0.357421875 0.03515625 0.21484375 
3 0.3935546875 0.333984375 0.029296875 0.26953125 
3 0.4267578125 0.34765625 0.033203125 0.2421875 
3 0.4599609375 0.34375 0.033203125 0.2421875 
3 0.5244140625 0.33984375 0.025390625 0.25 
3 0.5615234375 0.330078125 0.041015625 0.25390625 
3 0.5908203125 0.33984375 0.033203125 0.21875 
3 0.62109375 0.33984375 0.03125 0.2265625 
