1 0.2958984375 0.435546875 0.041015625 0.18359375 
1 0.65234375 0.671875 0.0625 0.1953125 
1 0.607421875 0.66015625 0.03125 0.1796875 
1 0.7001953125 0.640625 0.076171875 0.171875 
1 0.658203125 0.443359375 0.05078125 0.20703125 
1 0.623046875 0.44921875 0.03515625 0.1953125 
1 0.2705078125 0.591796875 0.052734375 0.12890625 
1 0.2998046875 0.642578125 0.068359375 0.16796875 
1 0.33984375 0.458984375 0.0390625 0.19140625 
1 0.3994140625 0.48046875 0.029296875 0.15625 
1 0.3935546875 0.685546875 0.041015625 0.19921875 
1 0.3447265625 0.6796875 0.060546875 0.1875 
1 0.701171875 0.4453125 0.0390625 0.1640625 
1 0.7314453125 0.58203125 0.052734375 0.125 
