1 0.5634765625 0.673828125 0.025390625 0.19921875 
1 0.375 0.662109375 0.046875 0.23046875 
1 0.2724609375 0.41796875 0.048828125 0.203125 
1 0.380859375 0.447265625 0.02734375 0.14453125 
1 0.7275390625 0.4765625 0.052734375 0.1171875 
1 0.68359375 0.458984375 0.04296875 0.16015625 
1 0.6494140625 0.43359375 0.033203125 0.203125 
1 0.619140625 0.431640625 0.03125 0.21484375 
1 0.5869140625 0.443359375 0.033203125 0.19921875 
1 0.5927734375 0.6796875 0.029296875 0.2421875 
1 0.625 0.67578125 0.03515625 0.2421875 
1 0.666015625 0.642578125 0.05078125 0.18359375 
1 0.7158203125 0.634765625 0.056640625 0.17578125 
3 0.330078125 0.625 0.0546875 0.171875 
3 0.349609375 0.431640625 0.03125 0.18359375 
3 0.3173828125 0.4140625 0.041015625 0.2109375 
