0 0.212890625 0.515625 0.07421875 0.1796875 
0 0.6904296875 0.369140625 0.060546875 0.22265625 
0 0.7314453125 0.53125 0.060546875 0.1171875 
1 0.3935546875 0.603515625 0.037109375 0.21484375 
1 0.6220703125 0.36328125 0.033203125 0.1875 
1 0.6044921875 0.580078125 0.033203125 0.18359375 
1 0.2646484375 0.568359375 0.060546875 0.19140625 
1 0.3212890625 0.5859375 0.068359375 0.2265625 
1 0.5205078125 0.34375 0.041015625 0.2421875 
1 0.7890625 0.51953125 0.08203125 0.1875 
1 0.6396484375 0.57421875 0.041015625 0.1875 
