0 0.7314453125 0.46875 0.060546875 0.1171875 
0 0.6904296875 0.630859375 0.060546875 0.22265625 
0 0.212890625 0.484375 0.07421875 0.1796875 
1 0.7890625 0.48046875 0.08203125 0.1875 
1 0.6396484375 0.42578125 0.041015625 0.1875 
1 0.6044921875 0.419921875 0.033203125 0.18359375 
1 0.6220703125 0.63671875 0.033203125 0.1875 
1 0.3935546875 0.396484375 0.037109375 0.21484375 
1 0.5205078125 0.65625 0.041015625 0.2421875 
1 0.3212890625 0.4140625 0.068359375 0.2265625 
1 0.2646484375 0.431640625 0.060546875 0.19140625 
