 1 0.7705078125 0.443359375 0.103515625 0.19921875
 1 0.736328125 0.669921875 0.05859375 0.23828125
 1 0.6875 0.669921875 0.04296875 0.26171875
 1 0.650390625 0.693359375 0.03515625 0.26953125
 1 0.451171875 0.681640625 0.03515625 0.25390625
 1 0.65234375 0.37109375 0.04296875 0.265625
 2 0.7705078125 0.4453125 0.103515625 0.1953125
 3 0.3408203125 0.634765625 0.044921875 0.26171875
 3 0.291015625 0.634765625 0.05859375 0.27734375
 3 0.380859375 0.64453125 0.04296875 0.234375
 3 0.388671875 0.34765625 0.046875 0.25
 3 0.490234375 0.697265625 0.04296875 0.27734375
 3 0.6123046875 0.701171875 0.041015625 0.29296875
 3 0.5751953125 0.697265625 0.029296875 0.26953125
 3 0.537109375 0.693359375 0.0390625 0.26171875
