 1 0.650390625 0.306640625 0.03515625 0.26953125
 1 0.6875 0.330078125 0.04296875 0.26171875
 1 0.65234375 0.62890625 0.04296875 0.265625
 1 0.451171875 0.318359375 0.03515625 0.25390625
 1 0.736328125 0.330078125 0.05859375 0.23828125
 1 0.7705078125 0.556640625 0.103515625 0.19921875
 2 0.7705078125 0.5546875 0.103515625 0.1953125
 3 0.380859375 0.35546875 0.04296875 0.234375
 3 0.388671875 0.65234375 0.046875 0.25
 3 0.490234375 0.302734375 0.04296875 0.27734375
 3 0.537109375 0.306640625 0.0390625 0.26171875
 3 0.5751953125 0.302734375 0.029296875 0.26953125
 3 0.6123046875 0.298828125 0.041015625 0.29296875
 3 0.3408203125 0.365234375 0.044921875 0.26171875
 3 0.291015625 0.365234375 0.05859375 0.27734375
