0 0.74609375 0.423828125 0.06640625 0.23046875 
1 0.599609375 0.39453125 0.03515625 0.234375 
1 0.3935546875 0.388671875 0.041015625 0.23828125 
1 0.357421875 0.38671875 0.0390625 0.2421875 
1 0.287109375 0.623046875 0.05859375 0.19921875 
1 0.3076171875 0.392578125 0.064453125 0.23828125 
1 0.2470703125 0.416015625 0.068359375 0.24609375 
1 0.6357421875 0.400390625 0.029296875 0.23828125 
1 0.685546875 0.41015625 0.0625 0.2265625 
1 0.697265625 0.64453125 0.05859375 0.203125 
1 0.7470703125 0.421875 0.064453125 0.234375 
1 0.333984375 0.62890625 0.04296875 0.2109375 
1 0.65234375 0.64453125 0.046875 0.2265625 
