 0 0.25390625 0.576171875 0.06640625 0.23046875
 1 0.6064453125 0.611328125 0.041015625 0.23828125
 1 0.400390625 0.60546875 0.03515625 0.234375
 1 0.3642578125 0.599609375 0.029296875 0.23828125
 1 0.314453125 0.58984375 0.0625 0.2265625
 1 0.2529296875 0.578125 0.064453125 0.234375
 1 0.302734375 0.35546875 0.05859375 0.203125
 1 0.34765625 0.35546875 0.046875 0.2265625
 1 0.666015625 0.37109375 0.04296875 0.2109375
 1 0.642578125 0.61328125 0.0390625 0.2421875
 1 0.7529296875 0.583984375 0.068359375 0.24609375
 1 0.6923828125 0.607421875 0.064453125 0.23828125
 1 0.712890625 0.376953125 0.05859375 0.19921875
