1 0.36328125 0.607421875 0.03515625 0.21484375 
1 0.328125 0.55078125 0.04296875 0.125 
1 0.3701171875 0.37109375 0.037109375 0.2109375 
3 0.3974609375 0.61328125 0.033203125 0.2421875 
3 0.634765625 0.59765625 0.03125 0.2109375 
3 0.7421875 0.34765625 0.0625 0.265625 
3 0.6875 0.333984375 0.046875 0.31640625 
3 0.60546875 0.611328125 0.0390625 0.24609375 
3 0.2734375 0.56640625 0.0703125 0.1953125 
3 0.650390625 0.33984375 0.0390625 0.28125 
3 0.3388671875 0.33984375 0.029296875 0.25 
3 0.3017578125 0.34375 0.044921875 0.25 
3 0.2509765625 0.330078125 0.056640625 0.25390625 
