1 0.3310546875 0.53515625 0.048828125 0.171875 
1 0.3212890625 0.3359375 0.060546875 0.171875 
1 0.68359375 0.560546875 0.046875 0.18359375 
1 0.3662109375 0.310546875 0.076171875 0.17578125 
1 0.646484375 0.55078125 0.046875 0.203125 
1 0.580078125 0.533203125 0.03125 0.17578125 
1 0.4365234375 0.509765625 0.029296875 0.18359375 
1 0.4091796875 0.513671875 0.029296875 0.16796875 
1 0.638671875 0.30859375 0.0625 0.171875 
1 0.58203125 0.2890625 0.07421875 0.171875 
1 0.673828125 0.36328125 0.0703125 0.1640625 
1 0.607421875 0.54296875 0.03125 0.1875 
3 0.4580078125 0.515625 0.025390625 0.2109375 
3 0.5185546875 0.49609375 0.021484375 0.1640625 
