1 0.40625 0.54296875 0.02734375 0.1484375 
1 0.3798828125 0.541015625 0.029296875 0.15234375 
1 0.576171875 0.69921875 0.04296875 0.1796875 
1 0.5947265625 0.546875 0.033203125 0.1484375 
1 0.6240234375 0.548828125 0.033203125 0.13671875 
1 0.6982421875 0.52734375 0.056640625 0.171875 
1 0.3046875 0.517578125 0.0546875 0.17578125 
3 0.3525390625 0.708984375 0.056640625 0.17578125 
3 0.39453125 0.69921875 0.0390625 0.171875 
3 0.4306640625 0.69140625 0.037109375 0.1875 
3 0.34375 0.521484375 0.03515625 0.19140625 
3 0.482421875 0.533203125 0.02734375 0.17578125 
3 0.51171875 0.537109375 0.0234375 0.17578125 
3 0.650390625 0.703125 0.03515625 0.15625 
3 0.611328125 0.70703125 0.0390625 0.1640625 
3 0.431640625 0.51953125 0.03515625 0.1953125 
