 1 0.3974609375 0.46484375 0.033203125 0.1328125
 1 0.3681640625 0.458984375 0.025390625 0.11328125
 1 0.3388671875 0.49609375 0.033203125 0.171875
 1 0.29296875 0.5 0.0546875 0.171875
 1 0.2666015625 0.333984375 0.072265625 0.15234375
 1 0.5810546875 0.439453125 0.029296875 0.13671875
 1 0.5615234375 0.3203125 0.029296875 0.09375
 1 0.5859375 0.32421875 0.02734375 0.0859375
 1 0.470703125 0.3046875 0.01953125 0.140625
 1 0.439453125 0.302734375 0.0078125 0.15234375
 1 0.453125 0.294921875 0.015625 0.15234375
 1 0.4267578125 0.30078125 0.009765625 0.1640625
 1 0.4921875 0.29296875 0.0234375 0.1796875
 3 0.4560546875 0.4609375 0.033203125 0.1875
 3 0.607421875 0.466796875 0.04296875 0.15234375
 3 0.5322265625 0.27734375 0.033203125 0.1875
 3 0.552734375 0.44921875 0.03125 0.1484375
 3 0.42578125 0.470703125 0.0234375 0.16796875
 3 0.640625 0.314453125 0.07421875 0.16015625
 3 0.6953125 0.365234375 0.08203125 0.14453125
