 1 0.3388671875 0.50390625 0.033203125 0.171875
 1 0.29296875 0.5 0.0546875 0.171875
 1 0.2666015625 0.666015625 0.072265625 0.15234375
 1 0.3681640625 0.541015625 0.025390625 0.11328125
 1 0.3974609375 0.53515625 0.033203125 0.1328125
 1 0.5810546875 0.560546875 0.029296875 0.13671875
 1 0.5615234375 0.6796875 0.029296875 0.09375
 1 0.470703125 0.6953125 0.01953125 0.140625
 1 0.439453125 0.697265625 0.0078125 0.15234375
 1 0.453125 0.705078125 0.015625 0.15234375
 1 0.4267578125 0.69921875 0.009765625 0.1640625
 1 0.4921875 0.70703125 0.0234375 0.1796875
 1 0.5859375 0.67578125 0.02734375 0.0859375
 3 0.640625 0.685546875 0.07421875 0.16015625
 3 0.6953125 0.634765625 0.08203125 0.14453125
 3 0.42578125 0.529296875 0.0234375 0.16796875
 3 0.4560546875 0.5390625 0.033203125 0.1875
 3 0.552734375 0.55078125 0.03125 0.1484375
 3 0.5322265625 0.72265625 0.033203125 0.1875
 3 0.607421875 0.533203125 0.04296875 0.15234375
