1 0.3134765625 0.65234375 0.048828125 0.1875 
1 0.359375 0.650390625 0.046875 0.19140625 
1 0.64453125 0.623046875 0.0546875 0.18359375 
1 0.693359375 0.615234375 0.06640625 0.16796875 
1 0.3974609375 0.662109375 0.029296875 0.21484375 
1 0.3359375 0.453125 0.0546875 0.171875 
1 0.6337890625 0.412109375 0.021484375 0.18359375 
1 0.3759765625 0.443359375 0.029296875 0.19140625 
1 0.6064453125 0.419921875 0.033203125 0.18359375 
1 0.580078125 0.625 0.02734375 0.1875 
1 0.42578125 0.650390625 0.03125 0.19140625 
1 0.29296875 0.451171875 0.046875 0.16796875 
1 0.607421875 0.634765625 0.03125 0.19140625 
3 0.669921875 0.4140625 0.046875 0.171875 
3 0.7119140625 0.419921875 0.044921875 0.16796875 
