1 0.4189453125 0.529296875 0.025390625 0.08984375 
1 0.73046875 0.556640625 0.0390625 0.18359375 
1 0.4765625 0.544921875 0.0390625 0.09765625 
1 0.447265625 0.5390625 0.02734375 0.0859375 
1 0.384765625 0.5234375 0.046875 0.0703125 
1 0.33203125 0.669921875 0.0703125 0.15234375 
1 0.474609375 0.662109375 0.02734375 0.08984375 
1 0.330078125 0.509765625 0.05859375 0.13671875 
3 0.6787109375 0.7265625 0.041015625 0.1796875 
3 0.6416015625 0.71875 0.029296875 0.1640625 
3 0.44921875 0.69140625 0.02734375 0.1640625 
3 0.396484375 0.689453125 0.07421875 0.16796875 
3 0.6162109375 0.71484375 0.025390625 0.15625 
3 0.6953125 0.513671875 0.03515625 0.19140625 
