 1 0.568359375 0.439453125 0.03125 0.18359375
 1 0.6123046875 0.44140625 0.056640625 0.1796875
 1 0.4248046875 0.66015625 0.033203125 0.1640625
 1 0.400390625 0.66796875 0.0390625 0.171875
 1 0.3623046875 0.646484375 0.080078125 0.18359375
 1 0.6767578125 0.630859375 0.072265625 0.16015625
 1 0.66015625 0.427734375 0.04296875 0.20703125
 1 0.619140625 0.65234375 0.0625 0.171875
 1 0.447265625 0.451171875 0.03125 0.18359375
 1 0.42578125 0.447265625 0.01953125 0.19921875
 1 0.576171875 0.65625 0.02734375 0.1640625
 1 0.3115234375 0.61328125 0.068359375 0.15625
 1 0.3515625 0.451171875 0.0546875 0.17578125
 1 0.396484375 0.447265625 0.0390625 0.19921875
