 0 0.7041015625 0.556640625 0.048828125 0.14453125
 1 0.3701171875 0.544921875 0.029296875 0.18359375
 1 0.3359375 0.556640625 0.05078125 0.17578125
 1 0.2900390625 0.544921875 0.048828125 0.16015625
 1 0.4794921875 0.50390625 0.037109375 0.1640625
 1 0.5380859375 0.48828125 0.025390625 0.0859375
 1 0.5673828125 0.54296875 0.037109375 0.1875
 1 0.599609375 0.544921875 0.02734375 0.19140625
 1 0.62109375 0.556640625 0.02734375 0.21484375
 1 0.658203125 0.552734375 0.046875 0.16796875
 1 0.69140625 0.376953125 0.08984375 0.17578125
 1 0.384765625 0.328125 0.046875 0.1953125
 1 0.509765625 0.484375 0.02734375 0.0859375
 1 0.4189453125 0.322265625 0.033203125 0.19140625
 1 0.5869140625 0.330078125 0.037109375 0.19140625
 1 0.392578125 0.5390625 0.03125 0.1953125
 3 0.4453125 0.533203125 0.03515625 0.19921875
 3 0.3447265625 0.345703125 0.076171875 0.19140625
