 0 0.2958984375 0.556640625 0.048828125 0.14453125
 1 0.607421875 0.5390625 0.03125 0.1953125
 1 0.4130859375 0.330078125 0.037109375 0.19140625
 1 0.5810546875 0.322265625 0.033203125 0.19140625
 1 0.490234375 0.484375 0.02734375 0.0859375
 1 0.615234375 0.328125 0.046875 0.1953125
 1 0.6640625 0.556640625 0.05078125 0.17578125
 1 0.6298828125 0.544921875 0.029296875 0.18359375
 1 0.7099609375 0.544921875 0.048828125 0.16015625
 1 0.5205078125 0.50390625 0.037109375 0.1640625
 1 0.4619140625 0.48828125 0.025390625 0.0859375
 1 0.4326171875 0.54296875 0.037109375 0.1875
 1 0.400390625 0.544921875 0.02734375 0.19140625
 1 0.37890625 0.556640625 0.02734375 0.21484375
 1 0.341796875 0.552734375 0.046875 0.16796875
 1 0.30859375 0.376953125 0.08984375 0.17578125
 3 0.5546875 0.533203125 0.03515625 0.19921875
 3 0.6552734375 0.345703125 0.076171875 0.19140625
