1 0.7607421875 0.548828125 0.041015625 0.15234375 
1 0.4521484375 0.54296875 0.044921875 0.140625 
1 0.4091796875 0.662109375 0.037109375 0.14453125 
1 0.3779296875 0.66015625 0.025390625 0.109375 
1 0.353515625 0.673828125 0.0234375 0.13671875 
1 0.330078125 0.66796875 0.0234375 0.1171875 
1 0.7197265625 0.541015625 0.041015625 0.15234375 
1 0.28125 0.6796875 0.0703125 0.15625 
1 0.650390625 0.53515625 0.02734375 0.1640625 
1 0.6796875 0.5390625 0.03515625 0.140625 
3 0.5986328125 0.537109375 0.029296875 0.20703125 
3 0.4462890625 0.681640625 0.041015625 0.14453125 
3 0.6298828125 0.6953125 0.029296875 0.1875 
