1 0.28125 0.3203125 0.0703125 0.15625 
1 0.650390625 0.46484375 0.02734375 0.1640625 
1 0.6796875 0.4609375 0.03515625 0.140625 
1 0.7197265625 0.458984375 0.041015625 0.15234375 
1 0.7607421875 0.451171875 0.041015625 0.15234375 
1 0.4521484375 0.45703125 0.044921875 0.140625 
1 0.4091796875 0.337890625 0.037109375 0.14453125 
1 0.3779296875 0.33984375 0.025390625 0.109375 
1 0.353515625 0.326171875 0.0234375 0.13671875 
1 0.330078125 0.33203125 0.0234375 0.1171875 
3 0.5986328125 0.462890625 0.029296875 0.20703125 
3 0.6298828125 0.3046875 0.029296875 0.1875 
3 0.4462890625 0.318359375 0.041015625 0.14453125 
