1 0.2998046875 0.5390625 0.060546875 0.1640625 
1 0.3447265625 0.509765625 0.052734375 0.16796875 
1 0.3837890625 0.494140625 0.037109375 0.18359375 
1 0.5791015625 0.291015625 0.033203125 0.18359375 
1 0.61328125 0.29296875 0.04296875 0.15625 
1 0.6552734375 0.302734375 0.064453125 0.17578125 
1 0.5712890625 0.466796875 0.033203125 0.17578125 
1 0.62109375 0.482421875 0.03125 0.16015625 
1 0.388671875 0.298828125 0.046875 0.16796875 
1 0.705078125 0.5078125 0.05078125 0.1484375 
1 0.65625 0.494140625 0.05078125 0.16796875 
1 0.42578125 0.2890625 0.03515625 0.171875 
