1 0.57421875 0.7109375 0.03515625 0.171875 
1 0.34375 0.505859375 0.05078125 0.16796875 
1 0.2958984375 0.494140625 0.052734375 0.14453125 
1 0.7021484375 0.46484375 0.060546875 0.1640625 
1 0.6552734375 0.490234375 0.052734375 0.16796875 
1 0.6162109375 0.505859375 0.037109375 0.18359375 
1 0.38671875 0.70703125 0.04296875 0.15625 
1 0.4208984375 0.708984375 0.033203125 0.18359375 
1 0.611328125 0.701171875 0.046875 0.16796875 
1 0.37890625 0.517578125 0.03125 0.16015625 
1 0.4287109375 0.533203125 0.033203125 0.17578125 
1 0.3447265625 0.697265625 0.064453125 0.17578125 
