0 0.396484375 0.287109375 0.03125 0.11328125 
0 0.265625 0.296875 0.0546875 0.1171875 
1 0.3232421875 0.302734375 0.068359375 0.18359375 
1 0.5263671875 0.326171875 0.029296875 0.14453125 
1 0.49609375 0.328125 0.03125 0.140625 
1 0.4677734375 0.333984375 0.033203125 0.12890625 
1 0.4580078125 0.46484375 0.025390625 0.140625 
1 0.2900390625 0.46484375 0.048828125 0.15625 
1 0.6904296875 0.2890625 0.052734375 0.1875 
1 0.6533203125 0.439453125 0.037109375 0.15234375 
1 0.396484375 0.46484375 0.0390625 0.15625 
3 0.744140625 0.310546875 0.05859375 0.16796875 
