 0 0.2919921875 0.685546875 0.033203125 0.09765625
 0 0.3134765625 0.69140625 0.037109375 0.09375
 0 0.376953125 0.501953125 0.03125 0.16015625
 0 0.4013671875 0.693359375 0.025390625 0.11328125
 1 0.587890625 0.67578125 0.0390625 0.171875
 1 0.6953125 0.64453125 0.06640625 0.15625
 1 0.2958984375 0.51171875 0.052734375 0.1484375
 1 0.5751953125 0.474609375 0.037109375 0.18359375
 1 0.6025390625 0.51953125 0.025390625 0.0625
 1 0.6591796875 0.4921875 0.044921875 0.171875
 1 0.626953125 0.478515625 0.0234375 0.16796875
 3 0.341796875 0.5078125 0.05078125 0.15625
