0 0.6865234375 0.30859375 0.037109375 0.09375 
0 0.623046875 0.498046875 0.03125 0.16015625 
0 0.7080078125 0.314453125 0.033203125 0.09765625 
0 0.5986328125 0.306640625 0.025390625 0.11328125 
1 0.412109375 0.32421875 0.0390625 0.171875 
1 0.3046875 0.35546875 0.06640625 0.15625 
1 0.373046875 0.521484375 0.0234375 0.16796875 
1 0.7041015625 0.48828125 0.052734375 0.1484375 
1 0.4248046875 0.525390625 0.037109375 0.18359375 
1 0.3974609375 0.48046875 0.025390625 0.0625 
1 0.3408203125 0.5078125 0.044921875 0.171875 
3 0.658203125 0.4921875 0.05078125 0.15625 
