 0 0.5927734375 0.45703125 0.029296875 0.1796875
 0 0.4482421875 0.6875 0.037109375 0.2421875
 0 0.375 0.671875 0.03515625 0.109375
 0 0.638671875 0.49609375 0.04296875 0.203125
 0 0.603515625 0.703125 0.02734375 0.171875
 0 0.63671875 0.69921875 0.03515625 0.1640625
 1 0.3310546875 0.6484375 0.087890625 0.203125
 1 0.6376953125 0.4921875 0.041015625 0.203125
 1 0.3857421875 0.478515625 0.048828125 0.19140625
 1 0.2890625 0.62890625 0.05859375 0.1875
 1 0.3125 0.45703125 0.05859375 0.1640625
 1 0.70703125 0.490234375 0.05078125 0.16796875
 2 0.7734375 0.607421875 0.07421875 0.12109375
 2 0.216796875 0.6015625 0.08203125 0.125
 3 0.57421875 0.693359375 0.03125 0.23828125
