 0 0.63671875 0.30078125 0.03515625 0.1640625
 0 0.603515625 0.296875 0.02734375 0.171875
 0 0.638671875 0.50390625 0.04296875 0.203125
 0 0.375 0.328125 0.03515625 0.109375
 0 0.4482421875 0.3125 0.037109375 0.2421875
 0 0.5927734375 0.54296875 0.029296875 0.1796875
 1 0.3125 0.54296875 0.05859375 0.1640625
 1 0.2890625 0.37109375 0.05859375 0.1875
 1 0.3857421875 0.521484375 0.048828125 0.19140625
 1 0.6376953125 0.5078125 0.041015625 0.203125
 1 0.3310546875 0.3515625 0.087890625 0.203125
 1 0.70703125 0.509765625 0.05078125 0.16796875
 2 0.216796875 0.3984375 0.08203125 0.125
 2 0.7734375 0.392578125 0.07421875 0.12109375
 3 0.57421875 0.306640625 0.03125 0.23828125
