 1 0.4013671875 0.5 0.037109375 0.171875
 1 0.5595703125 0.34765625 0.041015625 0.1484375
 1 0.30078125 0.33984375 0.06640625 0.1640625
 1 0.353515625 0.501953125 0.0546875 0.18359375
 1 0.5927734375 0.326171875 0.033203125 0.17578125
 1 0.6337890625 0.318359375 0.048828125 0.20703125
 1 0.6796875 0.337890625 0.06640625 0.17578125
 1 0.412109375 0.296875 0.0234375 0.2109375
 1 0.7265625 0.37890625 0.06640625 0.140625
 1 0.6259765625 0.517578125 0.041015625 0.16796875
 1 0.6787109375 0.53125 0.048828125 0.1484375
 1 0.5869140625 0.521484375 0.041015625 0.18359375
 1 0.3876953125 0.298828125 0.033203125 0.19140625
 1 0.5458984375 0.521484375 0.037109375 0.16015625
 3 0.3525390625 0.314453125 0.044921875 0.17578125
