1 0.4189453125 0.298828125 0.033203125 0.17578125 
1 0.705078125 0.494140625 0.05859375 0.16796875 
1 0.6181640625 0.482421875 0.041015625 0.13671875 
1 0.7080078125 0.33203125 0.095703125 0.1640625 
1 0.59375 0.2890625 0.046875 0.15625 
1 0.6513671875 0.30078125 0.072265625 0.171875 
1 0.65234375 0.513671875 0.0546875 0.21484375 
1 0.341796875 0.486328125 0.04296875 0.19921875 
1 0.4208984375 0.45703125 0.037109375 0.1015625 
1 0.3916015625 0.294921875 0.037109375 0.16796875 
1 0.39453125 0.45703125 0.02734375 0.1015625 
1 0.37109375 0.455078125 0.03125 0.09765625 
3 0.3505859375 0.29296875 0.048828125 0.1484375 
