 1 0.5810546875 0.298828125 0.033203125 0.17578125
 1 0.294921875 0.494140625 0.05859375 0.16796875
 1 0.6083984375 0.294921875 0.037109375 0.16796875
 1 0.62890625 0.455078125 0.03125 0.09765625
 1 0.60546875 0.45703125 0.02734375 0.1015625
 1 0.5791015625 0.45703125 0.037109375 0.1015625
 1 0.3818359375 0.482421875 0.041015625 0.13671875
 1 0.2919921875 0.33203125 0.095703125 0.1640625
 1 0.40625 0.2890625 0.046875 0.15625
 1 0.3486328125 0.30078125 0.072265625 0.171875
 1 0.34765625 0.513671875 0.0546875 0.21484375
 1 0.658203125 0.486328125 0.04296875 0.19921875
 3 0.6494140625 0.29296875 0.048828125 0.1484375
