 1 0.748046875 0.435546875 0.07421875 0.23046875
 1 0.765625 0.693359375 0.05859375 0.25390625
 1 0.2646484375 0.419921875 0.080078125 0.23828125
 1 0.251953125 0.673828125 0.05859375 0.23828125
 1 0.3095703125 0.65234375 0.056640625 0.25
 3 0.7060546875 0.69140625 0.060546875 0.2578125
 3 0.6865234375 0.392578125 0.056640625 0.26953125
 3 0.353515625 0.41015625 0.04296875 0.234375
 3 0.3779296875 0.689453125 0.033203125 0.24609375
 3 0.478515625 0.72265625 0.0390625 0.265625
 3 0.6328125 0.70703125 0.046875 0.2578125
 3 0.5625 0.701171875 0.03515625 0.22265625
