 1 0.63671875 0.6640625 0.03515625 0.203125
 1 0.673828125 0.65625 0.046875 0.1953125
 1 0.6748046875 0.427734375 0.044921875 0.16796875
 1 0.7177734375 0.435546875 0.037109375 0.17578125
 1 0.357421875 0.44140625 0.05078125 0.15625
 1 0.390625 0.435546875 0.02734375 0.16796875
 1 0.421875 0.4375 0.046875 0.1796875
 1 0.3720703125 0.666015625 0.056640625 0.18359375
 1 0.31640625 0.650390625 0.06640625 0.19921875
 1 0.3125 0.4375 0.05078125 0.1953125
 1 0.4208984375 0.662109375 0.048828125 0.16796875
 3 0.60546875 0.66796875 0.03125 0.2265625
