1 0.63671875 0.388671875 0.0546875 0.12890625 
1 0.59765625 0.330078125 0.04296875 0.21484375 
1 0.6875 0.349609375 0.05078125 0.20703125 
1 0.3583984375 0.52734375 0.060546875 0.15625 
1 0.2900390625 0.373046875 0.064453125 0.14453125 
1 0.3896484375 0.328125 0.037109375 0.21875 
1 0.5927734375 0.5390625 0.044921875 0.1875 
1 0.56640625 0.341796875 0.0390625 0.19921875 
1 0.67578125 0.52734375 0.046875 0.1484375 
3 0.3359375 0.3359375 0.08203125 0.1796875 
3 0.5078125 0.55078125 0.03125 0.1875 
