 1 0.3349609375 0.640625 0.056640625 0.140625
 1 0.3759765625 0.509765625 0.044921875 0.12890625
 1 0.4091796875 0.4921875 0.029296875 0.1328125
 1 0.6201171875 0.62109375 0.048828125 0.1484375
 1 0.6650390625 0.623046875 0.056640625 0.16015625
 1 0.6689453125 0.45703125 0.041015625 0.15625
 1 0.6298828125 0.4453125 0.033203125 0.1796875
 3 0.5693359375 0.431640625 0.029296875 0.20703125
 3 0.3818359375 0.65234375 0.044921875 0.1484375
 3 0.3359375 0.48828125 0.04296875 0.15625
 3 0.4892578125 0.458984375 0.029296875 0.19921875
