0 0.3359375 0.638671875 0.046875 0.17578125 
1 0.240234375 0.58984375 0.06640625 0.1640625 
1 0.7333984375 0.564453125 0.048828125 0.13671875 
1 0.6083984375 0.65625 0.033203125 0.2109375 
1 0.3720703125 0.4609375 0.041015625 0.1875 
1 0.3701171875 0.666015625 0.044921875 0.19921875 
1 0.6962890625 0.611328125 0.060546875 0.18359375 
1 0.583984375 0.482421875 0.0390625 0.09765625 
1 0.6474609375 0.474609375 0.033203125 0.10546875 
1 0.6865234375 0.419921875 0.041015625 0.17578125 
3 0.615234375 0.439453125 0.03125 0.18359375 
3 0.6455078125 0.634765625 0.056640625 0.18359375 
3 0.3291015625 0.447265625 0.044921875 0.19140625 
3 0.28515625 0.44140625 0.05078125 0.1875 
3 0.43359375 0.4609375 0.046875 0.1875 
