1 0.498046875 0.54296875 0.015625 0.078125 
1 0.5322265625 0.53515625 0.013671875 0.0703125 
1 0.515625 0.5390625 0.01953125 0.0703125 
1 0.607421875 0.509765625 0.03125 0.09765625 
3 0.3828125 0.462890625 0.0546875 0.24609375 
3 0.4287109375 0.478515625 0.041015625 0.23828125 
3 0.4697265625 0.49609375 0.041015625 0.2109375 
3 0.5498046875 0.478515625 0.025390625 0.23046875 
3 0.5771484375 0.462890625 0.041015625 0.23828125 
3 0.630859375 0.4140625 0.03125 0.2109375 
3 0.46484375 0.77734375 0.0234375 0.15625 
3 0.5400390625 0.75390625 0.025390625 0.15625 
