1 0.501953125 0.45703125 0.015625 0.078125 
1 0.4677734375 0.46484375 0.013671875 0.0703125 
1 0.484375 0.4609375 0.01953125 0.0703125 
1 0.392578125 0.490234375 0.03125 0.09765625 
3 0.6171875 0.537109375 0.0546875 0.24609375 
3 0.5712890625 0.521484375 0.041015625 0.23828125 
3 0.5302734375 0.50390625 0.041015625 0.2109375 
3 0.4501953125 0.521484375 0.025390625 0.23046875 
3 0.4228515625 0.537109375 0.041015625 0.23828125 
3 0.369140625 0.5859375 0.03125 0.2109375 
3 0.53515625 0.22265625 0.0234375 0.15625 
3 0.4599609375 0.24609375 0.025390625 0.15625 
