1 0.3466796875 0.689453125 0.064453125 0.16796875 
1 0.6640625 0.71484375 0.07421875 0.1484375 
1 0.353515625 0.509765625 0.04296875 0.15234375 
1 0.5712890625 0.544921875 0.025390625 0.14453125 
1 0.599609375 0.53515625 0.02734375 0.1796875 
1 0.6982421875 0.685546875 0.064453125 0.14453125 
1 0.6962890625 0.53125 0.044921875 0.1328125 
1 0.3125 0.5078125 0.0390625 0.15625 
1 0.298828125 0.673828125 0.06640625 0.16015625 
3 0.462890625 0.49609375 0.02734375 0.1953125 
3 0.48828125 0.4921875 0.02734375 0.2109375 
