0 0.7724609375 0.658203125 0.029296875 0.11328125 
0 0.7080078125 0.65625 0.048828125 0.1015625 
0 0.591796875 0.4375 0.03125 0.2265625 
0 0.6240234375 0.439453125 0.033203125 0.21484375 
0 0.6943359375 0.453125 0.052734375 0.1640625 
0 0.7451171875 0.490234375 0.056640625 0.20703125 
1 0.4404296875 0.689453125 0.044921875 0.23828125 
1 0.4755859375 0.671875 0.029296875 0.1640625 
1 0.5029296875 0.681640625 0.033203125 0.17578125 
1 0.5771484375 0.6875 0.033203125 0.203125 
1 0.541015625 0.6484375 0.0390625 0.09375 
