0 0.7451171875 0.509765625 0.056640625 0.20703125 
0 0.591796875 0.5625 0.03125 0.2265625 
0 0.6240234375 0.560546875 0.033203125 0.21484375 
0 0.6943359375 0.546875 0.052734375 0.1640625 
0 0.7080078125 0.34375 0.048828125 0.1015625 
0 0.7724609375 0.341796875 0.029296875 0.11328125 
1 0.4755859375 0.328125 0.029296875 0.1640625 
1 0.5029296875 0.318359375 0.033203125 0.17578125 
1 0.541015625 0.3515625 0.0390625 0.09375 
1 0.5771484375 0.3125 0.033203125 0.203125 
1 0.4404296875 0.310546875 0.044921875 0.23828125 
