1 0.751953125 0.53125 0.05859375 0.171875 
1 0.2548828125 0.490234375 0.056640625 0.18359375 
1 0.6982421875 0.484375 0.052734375 0.078125 
1 0.6572265625 0.48046875 0.025390625 0.078125 
1 0.63671875 0.328125 0.04296875 0.1953125 
1 0.3623046875 0.3046875 0.041015625 0.203125 
1 0.306640625 0.478515625 0.05078125 0.16796875 
1 0.25 0.333984375 0.0625 0.15234375 
3 0.685546875 0.330078125 0.05859375 0.18359375 
3 0.5419921875 0.341796875 0.021484375 0.17578125 
3 0.6240234375 0.52734375 0.044921875 0.171875 
3 0.3798828125 0.50390625 0.041015625 0.1953125 
3 0.337890625 0.48828125 0.046875 0.171875 
3 0.3095703125 0.314453125 0.056640625 0.17578125 
3 0.5244140625 0.537109375 0.041015625 0.19140625 
