1 0.6123046875 0.67578125 0.029296875 0.109375 
1 0.423828125 0.68359375 0.03515625 0.1796875 
1 0.46875 0.517578125 0.03125 0.10546875 
1 0.494140625 0.525390625 0.03515625 0.12109375 
3 0.61328125 0.48046875 0.04296875 0.2109375 
3 0.65234375 0.701171875 0.0546875 0.17578125 
3 0.6796875 0.439453125 0.05078125 0.26953125 
3 0.5634765625 0.478515625 0.037109375 0.24609375 
3 0.5263671875 0.482421875 0.033203125 0.22265625 
3 0.44140625 0.45703125 0.03125 0.2109375 
3 0.4140625 0.4375 0.03125 0.2109375 
3 0.3798828125 0.431640625 0.041015625 0.19140625 
3 0.3427734375 0.43359375 0.041015625 0.1953125 
3 0.357421875 0.66015625 0.04296875 0.1796875 
3 0.5859375 0.708984375 0.0390625 0.16015625 
3 0.390625 0.68359375 0.03515625 0.1953125 
