 1 0.419921875 0.4921875 0.03125 0.1953125
 1 0.5947265625 0.505859375 0.025390625 0.16796875
 1 0.4150390625 0.6796875 0.033203125 0.171875
 1 0.3837890625 0.68359375 0.033203125 0.1796875
 1 0.6943359375 0.509765625 0.048828125 0.16796875
 1 0.6455078125 0.642578125 0.044921875 0.08203125
 1 0.607421875 0.705078125 0.0390625 0.19921875
 1 0.2890625 0.51171875 0.05078125 0.1796875
 1 0.701171875 0.68359375 0.0703125 0.1640625
 3 0.365234375 0.498046875 0.03515625 0.16796875
 3 0.33984375 0.697265625 0.05859375 0.18359375
 3 0.2978515625 0.68359375 0.056640625 0.15625
 3 0.6201171875 0.5078125 0.029296875 0.171875
 3 0.33203125 0.50390625 0.046875 0.1875
 3 0.3935546875 0.5078125 0.021484375 0.1640625
