 0 0.66015625 0.349609375 0.05859375 0.16796875
 0 0.5986328125 0.521484375 0.029296875 0.15234375
 1 0.5166015625 0.533203125 0.033203125 0.18359375
 3 0.716796875 0.369140625 0.08203125 0.16015625
 3 0.5458984375 0.52734375 0.029296875 0.171875
 3 0.4560546875 0.537109375 0.025390625 0.15234375
 3 0.427734375 0.552734375 0.03125 0.19140625
 3 0.3798828125 0.556640625 0.033203125 0.16796875
 3 0.3486328125 0.560546875 0.041015625 0.16796875
 3 0.3408203125 0.365234375 0.056640625 0.15234375
 3 0.2861328125 0.380859375 0.072265625 0.15234375
 3 0.5029296875 0.310546875 0.029296875 0.14453125
 3 0.4296875 0.30859375 0.03515625 0.15625
 3 0.6005859375 0.5234375 0.025390625 0.15625
 3 0.55078125 0.30078125 0.02734375 0.171875
