0 0.33984375 0.349609375 0.05859375 0.16796875 
0 0.4013671875 0.521484375 0.029296875 0.15234375 
1 0.4833984375 0.533203125 0.033203125 0.18359375 
3 0.283203125 0.369140625 0.08203125 0.16015625 
3 0.4541015625 0.52734375 0.029296875 0.171875 
3 0.5439453125 0.537109375 0.025390625 0.15234375 
3 0.572265625 0.552734375 0.03125 0.19140625 
3 0.6201171875 0.556640625 0.033203125 0.16796875 
3 0.6591796875 0.365234375 0.056640625 0.15234375 
3 0.7138671875 0.380859375 0.072265625 0.15234375 
3 0.4970703125 0.310546875 0.029296875 0.14453125 
3 0.44921875 0.30078125 0.02734375 0.171875 
3 0.5703125 0.30859375 0.03515625 0.15625 
3 0.3994140625 0.5234375 0.025390625 0.15625 
3 0.6513671875 0.560546875 0.041015625 0.16796875 
