1 0.4599609375 0.69140625 0.021484375 0.1328125 
1 0.4873046875 0.689453125 0.029296875 0.12109375 
1 0.546875 0.693359375 0.0390625 0.14453125 
1 0.513671875 0.685546875 0.02734375 0.12890625 
1 0.5751953125 0.560546875 0.044921875 0.14453125 
1 0.537109375 0.544921875 0.03515625 0.14453125 
1 0.5009765625 0.544921875 0.033203125 0.16015625 
1 0.42578125 0.55078125 0.03125 0.1328125 
1 0.3974609375 0.693359375 0.033203125 0.13671875 
1 0.4306640625 0.693359375 0.033203125 0.13671875 
3 0.3603515625 0.72265625 0.037109375 0.171875 
3 0.330078125 0.716796875 0.02734375 0.16015625 
3 0.4609375 0.525390625 0.0390625 0.18359375 
3 0.392578125 0.517578125 0.03515625 0.21484375 
3 0.359375 0.52734375 0.02734375 0.1640625 
3 0.330078125 0.537109375 0.03515625 0.16015625 
