1 0.486328125 0.314453125 0.02734375 0.12890625 
1 0.453125 0.306640625 0.0390625 0.14453125 
1 0.5126953125 0.310546875 0.029296875 0.12109375 
1 0.5400390625 0.30859375 0.021484375 0.1328125 
1 0.4248046875 0.439453125 0.044921875 0.14453125 
1 0.4990234375 0.455078125 0.033203125 0.16015625 
1 0.57421875 0.44921875 0.03125 0.1328125 
1 0.5693359375 0.306640625 0.033203125 0.13671875 
1 0.6025390625 0.306640625 0.033203125 0.13671875 
1 0.462890625 0.455078125 0.03515625 0.14453125 
3 0.669921875 0.283203125 0.02734375 0.16015625 
3 0.6396484375 0.27734375 0.037109375 0.171875 
3 0.669921875 0.462890625 0.03515625 0.16015625 
3 0.640625 0.47265625 0.02734375 0.1640625 
3 0.607421875 0.482421875 0.03515625 0.21484375 
3 0.5390625 0.474609375 0.0390625 0.18359375 
