0 0.5693359375 0.3671875 0.037109375 0.203125 
1 0.6005859375 0.384765625 0.029296875 0.18359375 
1 0.62890625 0.3828125 0.03125 0.1875 
1 0.4091796875 0.36328125 0.033203125 0.1953125 
1 0.373046875 0.587890625 0.03515625 0.16015625 
1 0.5888671875 0.587890625 0.033203125 0.14453125 
1 0.6220703125 0.580078125 0.033203125 0.13671875 
1 0.65625 0.5859375 0.03515625 0.1484375 
1 0.69921875 0.61328125 0.046875 0.1875 
1 0.333984375 0.5859375 0.046875 0.1640625 
1 0.419921875 0.583984375 0.03515625 0.19140625 
3 0.5400390625 0.5859375 0.025390625 0.1328125 
