 1 0.666015625 0.67578125 0.0390625 0.1328125
 1 0.634765625 0.498046875 0.03515625 0.13671875
 1 0.6689453125 0.51171875 0.033203125 0.125
 1 0.7060546875 0.49609375 0.041015625 0.171875
 1 0.390625 0.482421875 0.03515625 0.17578125
 1 0.3779296875 0.6875 0.033203125 0.1796875
 1 0.3349609375 0.6953125 0.056640625 0.1953125
 1 0.630859375 0.669921875 0.03125 0.14453125
 1 0.5966796875 0.6796875 0.029296875 0.1875
 1 0.515625 0.490234375 0.03515625 0.09765625
 1 0.5654296875 0.6640625 0.033203125 0.1640625
 1 0.4091796875 0.689453125 0.033203125 0.18359375
 3 0.353515625 0.484375 0.0390625 0.1875
 3 0.234375 0.517578125 0.05859375 0.10546875
 3 0.736328125 0.6640625 0.1015625 0.1484375
