 1 0.7099609375 0.462890625 0.048828125 0.16015625
 1 0.2734375 0.333984375 0.08203125 0.15234375
 1 0.33203125 0.341796875 0.03515625 0.08203125
 1 0.365234375 0.341796875 0.0234375 0.09765625
 1 0.388671875 0.33984375 0.0234375 0.109375
 2 0.2744140625 0.33203125 0.076171875 0.140625
 3 0.5361328125 0.513671875 0.025390625 0.17578125
 3 0.4169921875 0.513671875 0.029296875 0.15234375
 3 0.4462890625 0.5078125 0.025390625 0.125
 3 0.4755859375 0.505859375 0.033203125 0.14453125
 3 0.359375 0.5078125 0.03515625 0.1640625
 3 0.3896484375 0.509765625 0.025390625 0.16796875
 3 0.5888671875 0.48828125 0.037109375 0.1171875
 3 0.6240234375 0.494140625 0.037109375 0.16015625
 3 0.662109375 0.486328125 0.05078125 0.17578125
 3 0.419921875 0.314453125 0.03515625 0.19140625
 3 0.57421875 0.31640625 0.0390625 0.1796875
