1 0.40625 0.490234375 0.03125 0.16796875 
1 0.591796875 0.689453125 0.0390625 0.17578125 
1 0.4111328125 0.697265625 0.037109375 0.19140625 
1 0.32421875 0.482421875 0.04296875 0.16796875 
1 0.369140625 0.48828125 0.046875 0.1484375 
1 0.6318359375 0.681640625 0.060546875 0.19921875 
1 0.37109375 0.685546875 0.0625 0.18359375 
1 0.6435546875 0.484375 0.048828125 0.171875 
1 0.6884765625 0.478515625 0.041015625 0.16796875 
1 0.685546875 0.658203125 0.06640625 0.16015625 
1 0.3203125 0.6640625 0.0625 0.171875 
