1 0.3974609375 0.34765625 0.037109375 0.203125 
1 0.6337890625 0.345703125 0.060546875 0.20703125 
1 0.685546875 0.35546875 0.0625 0.1875 
1 0.654296875 0.583984375 0.046875 0.19921875 
1 0.3359375 0.572265625 0.0390625 0.16796875 
1 0.287109375 0.587890625 0.046875 0.18359375 
3 0.3720703125 0.580078125 0.025390625 0.18359375 
3 0.3984375 0.576171875 0.03125 0.18359375 
3 0.3056640625 0.361328125 0.064453125 0.19140625 
3 0.3515625 0.353515625 0.05859375 0.20703125 
3 0.5908203125 0.341796875 0.037109375 0.20703125 
