1 0.2861328125 0.583984375 0.068359375 0.17578125 
1 0.326171875 0.62109375 0.0625 0.1796875 
1 0.369140625 0.64453125 0.04296875 0.140625 
1 0.60546875 0.6484375 0.0390625 0.15625 
1 0.568359375 0.470703125 0.02734375 0.24609375 
1 0.3935546875 0.66015625 0.037109375 0.15625 
1 0.6142578125 0.46875 0.037109375 0.1640625 
1 0.3603515625 0.458984375 0.037109375 0.17578125 
1 0.3955078125 0.462890625 0.033203125 0.18359375 
1 0.650390625 0.46484375 0.04296875 0.15625 
1 0.6884765625 0.435546875 0.048828125 0.16796875 
3 0.6533203125 0.640625 0.072265625 0.171875 
3 0.7080078125 0.619140625 0.060546875 0.16015625 
3 0.3212890625 0.380859375 0.048828125 0.23046875 
