 1 0.568359375 0.529296875 0.02734375 0.24609375
 1 0.3935546875 0.33984375 0.037109375 0.15625
 1 0.650390625 0.53515625 0.04296875 0.15625
 1 0.6142578125 0.53125 0.037109375 0.1640625
 1 0.6884765625 0.564453125 0.048828125 0.16796875
 1 0.3955078125 0.537109375 0.033203125 0.18359375
 1 0.3603515625 0.541015625 0.037109375 0.17578125
 1 0.60546875 0.3515625 0.0390625 0.15625
 1 0.369140625 0.35546875 0.04296875 0.140625
 1 0.326171875 0.37890625 0.0625 0.1796875
 1 0.2861328125 0.416015625 0.068359375 0.17578125
 3 0.7080078125 0.380859375 0.060546875 0.16015625
 3 0.3212890625 0.619140625 0.048828125 0.23046875
 3 0.6533203125 0.359375 0.072265625 0.171875
