0 0.3544921875 0.44140625 0.037109375 0.1640625 
0 0.45703125 0.6796875 0.05078125 0.171875 
0 0.7421875 0.638671875 0.07421875 0.16796875 
0 0.279296875 0.625 0.0625 0.1640625 
1 0.4208984375 0.44140625 0.044921875 0.21875 
1 0.458984375 0.462890625 0.03515625 0.21484375 
1 0.279296875 0.62890625 0.0625 0.1640625 
1 0.3349609375 0.650390625 0.068359375 0.19921875 
1 0.2578125 0.431640625 0.0546875 0.17578125 
1 0.4970703125 0.46484375 0.037109375 0.2265625 
1 0.5341796875 0.455078125 0.037109375 0.21484375 
1 0.6025390625 0.46875 0.041015625 0.21875 
1 0.6845703125 0.662109375 0.068359375 0.19140625 
1 0.75390625 0.443359375 0.0546875 0.17578125 
1 0.7421875 0.638671875 0.078125 0.16796875 
1 0.38671875 0.662109375 0.04296875 0.17578125 
1 0.703125 0.451171875 0.0546875 0.17578125 
3 0.61328125 0.689453125 0.04296875 0.19140625 
3 0.4873046875 0.6953125 0.029296875 0.1875 
3 0.568359375 0.466796875 0.03125 0.20703125 
