0 0.3544921875 0.55859375 0.037109375 0.1640625 
0 0.279296875 0.375 0.0625 0.1640625 
0 0.7421875 0.361328125 0.07421875 0.16796875 
0 0.45703125 0.3203125 0.05078125 0.171875 
1 0.38671875 0.337890625 0.04296875 0.17578125 
1 0.7421875 0.361328125 0.078125 0.16796875 
1 0.75390625 0.556640625 0.0546875 0.17578125 
1 0.703125 0.548828125 0.0546875 0.17578125 
1 0.6845703125 0.337890625 0.068359375 0.19140625 
1 0.6025390625 0.53125 0.041015625 0.21875 
1 0.5341796875 0.544921875 0.037109375 0.21484375 
1 0.4970703125 0.53515625 0.037109375 0.2265625 
1 0.2578125 0.568359375 0.0546875 0.17578125 
1 0.3349609375 0.349609375 0.068359375 0.19921875 
1 0.279296875 0.37109375 0.0625 0.1640625 
1 0.4208984375 0.55859375 0.044921875 0.21875 
1 0.458984375 0.537109375 0.03515625 0.21484375 
3 0.568359375 0.533203125 0.03125 0.20703125 
3 0.4873046875 0.3046875 0.029296875 0.1875 
3 0.61328125 0.310546875 0.04296875 0.19140625 
