 1 0.302734375 0.470703125 0.0546875 0.15234375
 1 0.3447265625 0.48046875 0.048828125 0.21875
 1 0.380859375 0.474609375 0.03125 0.23046875
 1 0.6484375 0.478515625 0.04296875 0.19921875
 1 0.6884765625 0.4921875 0.056640625 0.1796875
 1 0.3828125 0.279296875 0.0390625 0.16015625
 1 0.611328125 0.29296875 0.046875 0.15625
 1 0.5771484375 0.27734375 0.029296875 0.1640625
 1 0.412109375 0.27734375 0.03515625 0.15625
 1 0.615234375 0.46484375 0.03125 0.1875
 1 0.5888671875 0.455078125 0.029296875 0.15234375
 3 0.654296875 0.25 0.02734375 0.1015625
