1 0.4990234375 0.4375 0.025390625 0.109375 
1 0.4765625 0.435546875 0.0234375 0.09765625 
1 0.453125 0.431640625 0.02734375 0.08203125 
1 0.6083984375 0.408203125 0.068359375 0.16796875 
3 0.541015625 0.232421875 0.0234375 0.10546875 
3 0.5732421875 0.474609375 0.037109375 0.23046875 
3 0.5439453125 0.470703125 0.029296875 0.20703125 
3 0.3779296875 0.42578125 0.029296875 0.1875 
3 0.404296875 0.439453125 0.0234375 0.19140625 
3 0.42578125 0.455078125 0.0234375 0.19140625 
3 0.4501953125 0.244140625 0.025390625 0.14453125 
3 0.494140625 0.26171875 0.0234375 0.15625 
3 0.5205078125 0.2578125 0.025390625 0.140625 
3 0.517578125 0.48828125 0.02734375 0.1953125 
