 1 0.6181640625 0.716796875 0.037109375 0.19140625
 1 0.5849609375 0.72265625 0.029296875 0.1796875
 1 0.7021484375 0.671875 0.072265625 0.15625
 1 0.2900390625 0.486328125 0.037109375 0.16796875
 1 0.6630859375 0.513671875 0.048828125 0.16015625
 1 0.708984375 0.50390625 0.04296875 0.1484375
 1 0.447265625 0.517578125 0.03125 0.19140625
 1 0.2763671875 0.662109375 0.083984375 0.16796875
 1 0.5478515625 0.515625 0.033203125 0.1796875
 1 0.359375 0.708984375 0.03515625 0.18359375
 1 0.3369140625 0.51171875 0.060546875 0.1875
 3 0.5146484375 0.521484375 0.029296875 0.18359375
 3 0.478515625 0.515625 0.03515625 0.2109375
