1 0.4013671875 0.44921875 0.029296875 0.1796875 
1 0.5322265625 0.453125 0.021484375 0.171875 
1 0.5498046875 0.4609375 0.017578125 0.15625 
1 0.5908203125 0.60546875 0.025390625 0.0859375 
1 0.4072265625 0.64453125 0.041015625 0.1640625 
3 0.3125 0.564453125 0.05859375 0.15234375 
3 0.3486328125 0.607421875 0.060546875 0.16015625 
3 0.6416015625 0.427734375 0.052734375 0.17578125 
3 0.6337890625 0.625 0.060546875 0.15625 
3 0.568359375 0.646484375 0.02734375 0.15234375 
3 0.380859375 0.630859375 0.03515625 0.16015625 
3 0.5791015625 0.45703125 0.044921875 0.15625 
