 0 0.5869140625 0.671875 0.037109375 0.2578125
 0 0.55078125 0.6640625 0.03125 0.234375
 1 0.7158203125 0.669921875 0.052734375 0.21484375
 1 0.373046875 0.369140625 0.03515625 0.24609375
 1 0.765625 0.48046875 0.07421875 0.1953125
 1 0.7216796875 0.412109375 0.083984375 0.21484375
 1 0.626953125 0.369140625 0.0390625 0.22265625
 1 0.2265625 0.462890625 0.08203125 0.20703125
 3 0.662109375 0.64453125 0.0625 0.2109375
 3 0.4130859375 0.66796875 0.044921875 0.1953125
 3 0.37109375 0.662109375 0.03515625 0.23046875
 3 0.32421875 0.658203125 0.0625 0.23046875
 3 0.2666015625 0.658203125 0.056640625 0.22265625
 3 0.4091796875 0.666015625 0.048828125 0.19921875
 3 0.2763671875 0.388671875 0.087890625 0.19921875
