1 0.3701171875 0.705078125 0.033203125 0.24609375 
1 0.6572265625 0.703125 0.041015625 0.2421875 
1 0.638671875 0.408203125 0.03515625 0.26171875 
1 0.294921875 0.70703125 0.04296875 0.2265625 
1 0.29296875 0.427734375 0.078125 0.26171875 
1 0.34765625 0.404296875 0.04296875 0.29296875 
1 0.38671875 0.458984375 0.02734375 0.19921875 
1 0.3359375 0.712890625 0.03515625 0.23828125 
1 0.701171875 0.703125 0.046875 0.234375 
1 0.7490234375 0.7109375 0.056640625 0.2109375 
1 0.7548828125 0.46875 0.072265625 0.21875 
1 0.2509765625 0.728515625 0.048828125 0.22265625 
1 0.6005859375 0.447265625 0.029296875 0.20703125 
1 0.62109375 0.703125 0.04296875 0.2421875 
1 0.6953125 0.419921875 0.0703125 0.25390625 
1 0.23046875 0.462890625 0.0859375 0.25390625 
