1 0.3408203125 0.34375 0.083984375 0.1875 
1 0.3837890625 0.52734375 0.029296875 0.1796875 
1 0.6982421875 0.369140625 0.080078125 0.18359375 
1 0.650390625 0.33984375 0.08203125 0.203125 
1 0.693359375 0.548828125 0.0546875 0.15234375 
1 0.6513671875 0.5390625 0.052734375 0.171875 
1 0.615234375 0.53125 0.02734375 0.1796875 
1 0.3017578125 0.373046875 0.064453125 0.18359375 
1 0.3447265625 0.55078125 0.048828125 0.1875 
1 0.6025390625 0.318359375 0.048828125 0.19140625 
1 0.5908203125 0.5234375 0.025390625 0.1640625 
1 0.4111328125 0.5234375 0.029296875 0.1875 
3 0.390625 0.330078125 0.05078125 0.19140625 
