1 0.392578125 0.525390625 0.0234375 0.16015625 
1 0.404296875 0.349609375 0.03515625 0.18359375 
1 0.3671875 0.357421875 0.046875 0.19921875 
1 0.4453125 0.470703125 0.02734375 0.09765625 
1 0.4736328125 0.5078125 0.029296875 0.203125 
1 0.4169921875 0.533203125 0.029296875 0.20703125 
1 0.658203125 0.55078125 0.05078125 0.171875 
3 0.6787109375 0.376953125 0.083984375 0.18359375 
3 0.62109375 0.361328125 0.0390625 0.19921875 
3 0.578125 0.54296875 0.0390625 0.1875 
3 0.609375 0.556640625 0.03125 0.17578125 
