0 0.3642578125 0.412109375 0.029296875 0.18359375 
0 0.4296875 0.642578125 0.03125 0.19921875 
0 0.2900390625 0.416015625 0.052734375 0.09765625 
0 0.2509765625 0.423828125 0.021484375 0.10546875 
0 0.4677734375 0.64453125 0.041015625 0.203125 
0 0.5146484375 0.630859375 0.041015625 0.17578125 
0 0.3974609375 0.640625 0.041015625 0.21875 
0 0.2392578125 0.603515625 0.041015625 0.11328125 
0 0.33203125 0.416015625 0.03515625 0.18359375 
0 0.7568359375 0.61328125 0.041015625 0.1171875 
0 0.552734375 0.65234375 0.0390625 0.1875 
1 0.330078125 0.599609375 0.03125 0.17578125 
1 0.6513671875 0.412109375 0.037109375 0.19921875 
1 0.6611328125 0.6171875 0.072265625 0.21875 
1 0.3662109375 0.611328125 0.033203125 0.19140625 
1 0.7705078125 0.45703125 0.091796875 0.171875 
