 1 0.28125 0.49609375 0.05078125 0.1796875
 1 0.330078125 0.69921875 0.0703125 0.1796875
 1 0.7255859375 0.66796875 0.083984375 0.1640625
 1 0.359375 0.53515625 0.02734375 0.1015625
 1 0.38671875 0.49609375 0.02734375 0.1953125
 1 0.375 0.716796875 0.03125 0.19921875
 1 0.6923828125 0.513671875 0.044921875 0.16796875
 1 0.4150390625 0.498046875 0.033203125 0.19140625
 1 0.5888671875 0.5234375 0.029296875 0.1640625
 3 0.6328125 0.71484375 0.0390625 0.171875
 3 0.6728515625 0.71875 0.044921875 0.1796875
 3 0.326171875 0.490234375 0.046875 0.18359375
 3 0.619140625 0.517578125 0.03125 0.18359375
 3 0.533203125 0.505859375 0.0234375 0.17578125
