1 0.6201171875 0.69921875 0.037109375 0.1796875 
1 0.42578125 0.67578125 0.03125 0.1640625 
1 0.3388671875 0.490234375 0.044921875 0.16015625 
1 0.376953125 0.509765625 0.03515625 0.16015625 
1 0.4052734375 0.505859375 0.029296875 0.16015625 
1 0.693359375 0.494140625 0.04296875 0.16015625 
1 0.65625 0.513671875 0.0390625 0.15234375 
1 0.6201171875 0.505859375 0.037109375 0.16015625 
1 0.296875 0.48046875 0.04296875 0.1484375 
1 0.3671875 0.67578125 0.08203125 0.1640625 
1 0.279296875 0.6171875 0.05859375 0.140625 
1 0.322265625 0.646484375 0.0703125 0.14453125 
3 0.44921875 0.5 0.02734375 0.171875 
3 0.5380859375 0.49609375 0.025390625 0.15625 
