 1 0.720703125 0.3828125 0.05859375 0.140625
 1 0.703125 0.51953125 0.04296875 0.1484375
 1 0.3798828125 0.30078125 0.037109375 0.1796875
 1 0.6611328125 0.509765625 0.044921875 0.16015625
 1 0.623046875 0.490234375 0.03515625 0.16015625
 1 0.5947265625 0.494140625 0.029296875 0.16015625
 1 0.306640625 0.505859375 0.04296875 0.16015625
 1 0.34375 0.486328125 0.0390625 0.15234375
 1 0.3798828125 0.494140625 0.037109375 0.16015625
 1 0.6328125 0.32421875 0.08203125 0.1640625
 1 0.677734375 0.353515625 0.0703125 0.14453125
 1 0.57421875 0.32421875 0.03125 0.1640625
 3 0.55078125 0.5 0.02734375 0.171875
 3 0.4619140625 0.50390625 0.025390625 0.15625
