1 0.46875 0.515625 0.03125 0.21875 
1 0.58203125 0.3359375 0.0390625 0.1953125 
1 0.4111328125 0.35546875 0.048828125 0.2265625 
1 0.37890625 0.373046875 0.046875 0.16015625 
1 0.615234375 0.349609375 0.04296875 0.16796875 
1 0.666015625 0.345703125 0.078125 0.17578125 
1 0.7138671875 0.376953125 0.095703125 0.16796875 
1 0.5791015625 0.509765625 0.041015625 0.15234375 
1 0.3603515625 0.541015625 0.044921875 0.18359375 
1 0.33203125 0.369140625 0.0703125 0.17578125 
3 0.6416015625 0.53125 0.048828125 0.1796875 
3 0.6826171875 0.54296875 0.052734375 0.1875 
3 0.53515625 0.50390625 0.0234375 0.2109375 
