1 0.53125 0.484375 0.03125 0.21875 
1 0.41796875 0.6640625 0.0390625 0.1953125 
1 0.5888671875 0.64453125 0.048828125 0.2265625 
1 0.62109375 0.626953125 0.046875 0.16015625 
1 0.384765625 0.650390625 0.04296875 0.16796875 
1 0.4208984375 0.490234375 0.041015625 0.15234375 
1 0.333984375 0.654296875 0.078125 0.17578125 
1 0.2861328125 0.623046875 0.095703125 0.16796875 
1 0.6396484375 0.4609375 0.044921875 0.1875 
1 0.66796875 0.630859375 0.0703125 0.17578125 
3 0.3173828125 0.45703125 0.052734375 0.1875 
3 0.3583984375 0.46875 0.048828125 0.1796875 
3 0.46484375 0.49609375 0.0234375 0.2109375 
