0 0.408203125 0.5234375 0.0390625 0.203125 
0 0.5947265625 0.533203125 0.037109375 0.19921875 
0 0.7255859375 0.314453125 0.072265625 0.17578125 
1 0.3779296875 0.51171875 0.029296875 0.1796875 
1 0.2861328125 0.4765625 0.048828125 0.1796875 
1 0.623046875 0.53125 0.03125 0.1953125 
1 0.5556640625 0.484375 0.033203125 0.0859375 
1 0.3291015625 0.4921875 0.060546875 0.1875 
1 0.44921875 0.4921875 0.03125 0.0859375 
1 0.59765625 0.326171875 0.02734375 0.19140625 
1 0.482421875 0.5 0.0390625 0.1171875 
1 0.5224609375 0.501953125 0.037109375 0.11328125 
