1 0.3515625 0.62109375 0.03515625 0.203125 
1 0.7578125 0.4140625 0.08203125 0.234375 
1 0.640625 0.388671875 0.046875 0.24609375 
1 0.3173828125 0.375 0.080078125 0.2421875 
1 0.6923828125 0.388671875 0.083984375 0.23828125 
1 0.255859375 0.384765625 0.078125 0.23046875 
1 0.390625 0.62109375 0.0390625 0.2265625 
1 0.603515625 0.64453125 0.03515625 0.2265625 
1 0.27734375 0.626953125 0.05859375 0.19140625 
1 0.37109375 0.357421875 0.04296875 0.20703125 
3 0.73046875 0.669921875 0.05859375 0.24609375 
3 0.673828125 0.6640625 0.0625 0.2265625 
