1 0.6220703125 0.5859375 0.029296875 0.125 
1 0.4267578125 0.58984375 0.037109375 0.140625 
1 0.2734375 0.5859375 0.05078125 0.15625 
1 0.5546875 0.59765625 0.03125 0.1484375 
3 0.458984375 0.51953125 0.0625 0.28125 
3 0.513671875 0.521484375 0.046875 0.29296875 
3 0.3984375 0.734375 0.02734375 0.171875 
3 0.3955078125 0.51953125 0.041015625 0.25 
3 0.345703125 0.5234375 0.04296875 0.265625 
3 0.5888671875 0.533203125 0.041015625 0.23828125 
3 0.6025390625 0.73828125 0.029296875 0.1640625 
3 0.650390625 0.5234375 0.03515625 0.2578125 
3 0.693359375 0.515625 0.05078125 0.2734375 
3 0.3056640625 0.529296875 0.037109375 0.27734375 
