 1 0.3515625 0.302734375 0.0390625 0.21484375
 1 0.6455078125 0.5 0.041015625 0.109375
 1 0.6513671875 0.314453125 0.033203125 0.21484375
 1 0.61328125 0.322265625 0.0390625 0.21484375
 1 0.68359375 0.494140625 0.0390625 0.10546875
 1 0.28125 0.49609375 0.05859375 0.1796875
 1 0.7666015625 0.3203125 0.076171875 0.1796875
 3 0.6201171875 0.580078125 0.044921875 0.26171875
 3 0.3232421875 0.533203125 0.048828125 0.20703125
 3 0.7294921875 0.529296875 0.060546875 0.20703125
 3 0.70703125 0.30859375 0.0703125 0.2109375
 3 0.294921875 0.294921875 0.07421875 0.21484375
 3 0.2470703125 0.302734375 0.072265625 0.19140625
