1 0.38671875 0.322265625 0.0390625 0.21484375 
1 0.3486328125 0.314453125 0.033203125 0.21484375 
1 0.6484375 0.302734375 0.0390625 0.21484375 
1 0.3544921875 0.5 0.041015625 0.109375 
1 0.31640625 0.494140625 0.0390625 0.10546875 
1 0.2333984375 0.3203125 0.076171875 0.1796875 
1 0.71875 0.49609375 0.05859375 0.1796875 
3 0.6767578125 0.533203125 0.048828125 0.20703125 
3 0.2705078125 0.529296875 0.060546875 0.20703125 
3 0.29296875 0.30859375 0.0703125 0.2109375 
3 0.705078125 0.294921875 0.07421875 0.21484375 
3 0.7529296875 0.302734375 0.072265625 0.19140625 
3 0.3798828125 0.580078125 0.044921875 0.26171875 
