1 0.3994140625 0.30859375 0.033203125 0.171875 
1 0.6171875 0.46875 0.03125 0.15625 
1 0.3330078125 0.326171875 0.076171875 0.17578125 
1 0.341796875 0.494140625 0.04296875 0.16015625 
1 0.2998046875 0.51171875 0.044921875 0.1328125 
1 0.375 0.486328125 0.03125 0.16796875 
1 0.53515625 0.462890625 0.02734375 0.15234375 
1 0.5556640625 0.470703125 0.021484375 0.16015625 
1 0.662109375 0.30859375 0.08203125 0.171875 
1 0.5849609375 0.296875 0.033203125 0.15625 
1 0.6748046875 0.484375 0.048828125 0.15625 
2 0.7578125 0.306640625 0.078125 0.11328125 
2 0.2451171875 0.298828125 0.060546875 0.11328125 
3 0.2880859375 0.345703125 0.060546875 0.20703125 
3 0.4052734375 0.482421875 0.037109375 0.19140625 
3 0.509765625 0.4609375 0.02734375 0.15625 
3 0.58203125 0.474609375 0.03515625 0.17578125 
