1 0.3251953125 0.515625 0.048828125 0.15625 
1 0.6005859375 0.69140625 0.033203125 0.171875 
1 0.3828125 0.53125 0.03125 0.15625 
1 0.4150390625 0.703125 0.033203125 0.15625 
1 0.337890625 0.69140625 0.08203125 0.171875 
1 0.46484375 0.537109375 0.02734375 0.15234375 
1 0.625 0.513671875 0.03125 0.16796875 
1 0.7001953125 0.48828125 0.044921875 0.1328125 
1 0.658203125 0.5078125 0.04296875 0.15625 
1 0.6669921875 0.673828125 0.076171875 0.17578125 
1 0.4443359375 0.529296875 0.021484375 0.16015625 
2 0.7548828125 0.701171875 0.060546875 0.11328125 
2 0.2421875 0.693359375 0.078125 0.11328125 
3 0.41796875 0.525390625 0.03515625 0.17578125 
3 0.7119140625 0.654296875 0.060546875 0.20703125 
3 0.5947265625 0.517578125 0.037109375 0.19140625 
3 0.490234375 0.5390625 0.02734375 0.15625 
