 1 0.662109375 0.69140625 0.08203125 0.171875
 1 0.5849609375 0.703125 0.033203125 0.15625
 1 0.6748046875 0.515625 0.048828125 0.15625
 1 0.6171875 0.53125 0.03125 0.15625
 1 0.3994140625 0.69140625 0.033203125 0.171875
 1 0.3330078125 0.673828125 0.076171875 0.17578125
 1 0.341796875 0.5078125 0.04296875 0.15625
 1 0.2998046875 0.48828125 0.044921875 0.1328125
 1 0.375 0.513671875 0.03125 0.16796875
 1 0.53515625 0.537109375 0.02734375 0.15234375
 1 0.5556640625 0.529296875 0.021484375 0.16015625
 2 0.7578125 0.693359375 0.078125 0.11328125
 2 0.2451171875 0.701171875 0.060546875 0.11328125
 3 0.58203125 0.525390625 0.03515625 0.17578125
 3 0.509765625 0.5390625 0.02734375 0.15625
 3 0.4052734375 0.517578125 0.037109375 0.19140625
 3 0.2880859375 0.654296875 0.060546875 0.20703125
