0 0.6865234375 0.47265625 0.029296875 0.09375 
0 0.71484375 0.47265625 0.02734375 0.1015625 
0 0.4287109375 0.443359375 0.025390625 0.15234375 
0 0.400390625 0.4609375 0.02734375 0.1640625 
1 0.673828125 0.646484375 0.0546875 0.13671875 
1 0.6025390625 0.66015625 0.037109375 0.1796875 
1 0.2841796875 0.60546875 0.056640625 0.1328125 
1 0.373046875 0.5 0.02734375 0.109375 
1 0.400390625 0.462890625 0.02734375 0.16796875 
1 0.3310546875 0.6015625 0.033203125 0.0703125 
1 0.3603515625 0.6484375 0.033203125 0.1484375 
1 0.6357421875 0.626953125 0.025390625 0.11328125 
1 0.3466796875 0.458984375 0.029296875 0.19140625 
1 0.7216796875 0.619140625 0.052734375 0.13671875 
3 0.3115234375 0.455078125 0.044921875 0.19140625 
3 0.3896484375 0.662109375 0.029296875 0.16015625 
