1 0.5673828125 0.392578125 0.033203125 0.21484375 
1 0.3271484375 0.435546875 0.025390625 0.16015625 
1 0.560546875 0.552734375 0.03125 0.06640625 
1 0.3701171875 0.62890625 0.037109375 0.203125 
1 0.642578125 0.62109375 0.06640625 0.203125 
1 0.7041015625 0.623046875 0.072265625 0.21484375 
3 0.2998046875 0.59765625 0.064453125 0.15625 
3 0.705078125 0.412109375 0.0625 0.19921875 
3 0.6591796875 0.40625 0.068359375 0.2109375 
3 0.603515625 0.40625 0.0625 0.1875 
3 0.3818359375 0.41015625 0.044921875 0.21875 
3 0.35546875 0.41015625 0.02734375 0.21875 
3 0.291015625 0.419921875 0.046875 0.18359375 
3 0.5947265625 0.625 0.037109375 0.2109375 
