1 0.2802734375 0.447265625 0.056640625 0.17578125 
1 0.400390625 0.626953125 0.04296875 0.15234375 
1 0.4169921875 0.5078125 0.037109375 0.0625 
1 0.2353515625 0.591796875 0.068359375 0.16015625 
1 0.380859375 0.517578125 0.0390625 0.06640625 
1 0.333984375 0.470703125 0.0546875 0.16015625 
2 0.2412109375 0.38671875 0.060546875 0.140625 
3 0.2958984375 0.630859375 0.072265625 0.18359375 
3 0.3525390625 0.63671875 0.072265625 0.1953125 
3 0.6279296875 0.4609375 0.029296875 0.1796875 
3 0.6513671875 0.46875 0.029296875 0.1953125 
