1 0.529296875 0.458984375 0.04296875 0.16796875 
1 0.3330078125 0.642578125 0.037109375 0.06640625 
1 0.294921875 0.634765625 0.0390625 0.07421875 
1 0.2421875 0.646484375 0.0703125 0.13671875 
1 0.599609375 0.634765625 0.03515625 0.16015625 
1 0.6337890625 0.626953125 0.041015625 0.13671875 
1 0.6669921875 0.6328125 0.037109375 0.140625 
1 0.7158203125 0.625 0.068359375 0.15625 
1 0.24609375 0.4921875 0.0546875 0.1328125 
3 0.3056640625 0.5 0.056640625 0.1484375 
3 0.34765625 0.482421875 0.0390625 0.15234375 
3 0.384765625 0.470703125 0.04296875 0.14453125 
3 0.6318359375 0.44921875 0.037109375 0.171875 
3 0.662109375 0.4609375 0.02734375 0.1484375 
3 0.3701171875 0.677734375 0.041015625 0.15234375 
