0 0.54296875 0.568359375 0.03125 0.18359375 
0 0.478515625 0.556640625 0.03515625 0.17578125 
0 0.5126953125 0.5625 0.033203125 0.1796875 
0 0.66015625 0.375 0.05859375 0.15625 
1 0.3583984375 0.353515625 0.037109375 0.18359375 
1 0.591796875 0.572265625 0.05078125 0.18359375 
1 0.28515625 0.53125 0.0625 0.171875 
1 0.3583984375 0.5390625 0.044921875 0.15625 
1 0.400390625 0.53515625 0.046875 0.1328125 
1 0.39453125 0.349609375 0.03125 0.19140625 
1 0.576171875 0.36328125 0.0390625 0.1796875 
1 0.6103515625 0.359375 0.044921875 0.1875 
1 0.6669921875 0.541015625 0.056640625 0.15234375 
1 0.4248046875 0.35546875 0.033203125 0.1875 
1 0.716796875 0.544921875 0.046875 0.15234375 
1 0.7158203125 0.369140625 0.068359375 0.16015625 
