1 0.271484375 0.3203125 0.078125 0.1484375 
1 0.634765625 0.48828125 0.0703125 0.1875 
1 0.38671875 0.50390625 0.03125 0.1796875 
1 0.3232421875 0.474609375 0.060546875 0.19140625 
3 0.3251953125 0.29296875 0.037109375 0.1875 
3 0.6240234375 0.30859375 0.037109375 0.171875 
3 0.6689453125 0.310546875 0.041015625 0.16015625 
3 0.67578125 0.474609375 0.05078125 0.18359375 
3 0.384765625 0.318359375 0.03515625 0.19921875 
3 0.28515625 0.474609375 0.05078125 0.16796875 
3 0.5830078125 0.3203125 0.037109375 0.1953125 
3 0.5693359375 0.505859375 0.052734375 0.18359375 
3 0.45703125 0.513671875 0.0390625 0.19140625 
