 1 0.3232421875 0.525390625 0.060546875 0.19140625
 1 0.38671875 0.49609375 0.03125 0.1796875
 1 0.634765625 0.51171875 0.0703125 0.1875
 1 0.271484375 0.6796875 0.078125 0.1484375
 3 0.3251953125 0.70703125 0.037109375 0.1875
 3 0.6240234375 0.69140625 0.037109375 0.171875
 3 0.67578125 0.525390625 0.05078125 0.18359375
 3 0.384765625 0.681640625 0.03515625 0.19921875
 3 0.28515625 0.525390625 0.05078125 0.16796875
 3 0.5830078125 0.6796875 0.037109375 0.1953125
 3 0.5693359375 0.494140625 0.052734375 0.18359375
 3 0.45703125 0.486328125 0.0390625 0.19140625
 3 0.6689453125 0.689453125 0.041015625 0.16015625
