1 0.59375 0.67578125 0.05078125 0.171875 
1 0.6044921875 0.49609375 0.025390625 0.1640625 
1 0.62109375 0.513671875 0.02734375 0.16015625 
1 0.65625 0.51953125 0.046875 0.15625 
1 0.69921875 0.5390625 0.046875 0.1484375 
1 0.3232421875 0.689453125 0.068359375 0.16015625 
1 0.4208984375 0.69140625 0.048828125 0.1953125 
1 0.5751953125 0.505859375 0.033203125 0.16015625 
3 0.6845703125 0.6875 0.052734375 0.140625 
3 0.642578125 0.689453125 0.046875 0.15234375 
3 0.3798828125 0.486328125 0.052734375 0.19921875 
