 1 0.296875 0.630859375 0.05078125 0.16796875
 1 0.3359375 0.591796875 0.05078125 0.17578125
 1 0.2734375 0.46875 0.07421875 0.1640625
 1 0.3232421875 0.4140625 0.076171875 0.171875
 1 0.3623046875 0.384765625 0.052734375 0.16796875
 1 0.6943359375 0.6484375 0.064453125 0.1640625
 1 0.3671875 0.53125 0.0390625 0.109375
 1 0.4169921875 0.505859375 0.033203125 0.12890625
 1 0.4794921875 0.515625 0.037109375 0.15625
 1 0.552734375 0.525390625 0.03125 0.14453125
 1 0.3916015625 0.35546875 0.048828125 0.1796875
 1 0.423828125 0.34375 0.046875 0.171875
 1 0.4619140625 0.34765625 0.029296875 0.1328125
 1 0.5107421875 0.345703125 0.029296875 0.13671875
 1 0.548828125 0.34765625 0.0546875 0.15625
 1 0.5791015625 0.3671875 0.052734375 0.1640625
 1 0.6123046875 0.408203125 0.052734375 0.16015625
 1 0.658203125 0.4375 0.08203125 0.171875
 1 0.70703125 0.486328125 0.0859375 0.16796875
 1 0.62109375 0.603515625 0.0390625 0.19921875
 1 0.654296875 0.623046875 0.0546875 0.19140625
 1 0.4853515625 0.349609375 0.025390625 0.12109375
 3 0.3935546875 0.58984375 0.044921875 0.25
 3 0.44921875 0.576171875 0.03125 0.27734375
 3 0.5869140625 0.6015625 0.041015625 0.2734375
 3 0.517578125 0.58203125 0.04296875 0.296875
