 1 0.419921875 0.3515625 0.01953125 0.1796875
 1 0.6552734375 0.51171875 0.029296875 0.09375
 1 0.4384765625 0.546875 0.037109375 0.1796875
 1 0.623046875 0.384765625 0.0625 0.16015625
 1 0.626953125 0.505859375 0.02734375 0.08203125
 1 0.6923828125 0.5390625 0.052734375 0.140625
 1 0.5751953125 0.541015625 0.025390625 0.16796875
 1 0.51953125 0.54296875 0.02734375 0.140625
 1 0.396484375 0.375 0.02734375 0.1484375
 1 0.3623046875 0.40234375 0.041015625 0.0703125
 1 0.30859375 0.404296875 0.06640625 0.13671875
 3 0.677734375 0.39453125 0.0703125 0.1484375
 3 0.5517578125 0.373046875 0.033203125 0.16015625
 3 0.60546875 0.5546875 0.03515625 0.1796875
