0 0.5458984375 0.46875 0.033203125 0.1875 
1 0.666015625 0.697265625 0.05859375 0.17578125 
1 0.732421875 0.5 0.05078125 0.171875 
1 0.68359375 0.4921875 0.0546875 0.171875 
1 0.6416015625 0.478515625 0.033203125 0.19140625 
1 0.61328125 0.46875 0.0390625 0.1953125 
1 0.6181640625 0.701171875 0.041015625 0.21484375 
1 0.375 0.701171875 0.04296875 0.19921875 
1 0.3759765625 0.505859375 0.033203125 0.14453125 
1 0.31640625 0.509765625 0.05078125 0.16796875 
1 0.2705078125 0.509765625 0.041015625 0.17578125 
3 0.33984375 0.71484375 0.0390625 0.1796875 
