 1 0.3583984375 0.478515625 0.037109375 0.10546875
 1 0.4296875 0.453125 0.0390625 0.078125
 1 0.4736328125 0.451171875 0.048828125 0.10546875
 1 0.3740234375 0.673828125 0.037109375 0.19921875
 1 0.328125 0.634765625 0.0546875 0.09765625
 1 0.2685546875 0.681640625 0.064453125 0.19140625
 1 0.6494140625 0.52734375 0.037109375 0.09375
 3 0.6279296875 0.474609375 0.060546875 0.14453125
 3 0.533203125 0.41015625 0.0703125 0.2109375
 3 0.3837890625 0.412109375 0.052734375 0.19140625
 3 0.3212890625 0.4765625 0.048828125 0.15625
 3 0.69140625 0.53125 0.0625 0.1875
 3 0.58984375 0.423828125 0.06640625 0.19921875
