1 0.248046875 0.638671875 0.05078125 0.30078125 
1 0.298828125 0.626953125 0.0546875 0.24609375 
1 0.3095703125 0.37109375 0.064453125 0.2265625 
1 0.3583984375 0.37109375 0.044921875 0.1953125 
1 0.390625 0.357421875 0.03515625 0.19140625 
1 0.599609375 0.359375 0.03515625 0.21875 
1 0.3408203125 0.59375 0.041015625 0.1875 
1 0.6494140625 0.337890625 0.072265625 0.25390625 
1 0.6689453125 0.609375 0.037109375 0.2421875 
1 0.744140625 0.638671875 0.05859375 0.25390625 
1 0.7578125 0.39453125 0.07421875 0.2578125 
