0 0.4248046875 0.306640625 0.041015625 0.26171875 
1 0.7392578125 0.583984375 0.068359375 0.24609375 
1 0.6884765625 0.59375 0.076171875 0.2421875 
1 0.400390625 0.63671875 0.06640625 0.2578125 
1 0.33984375 0.611328125 0.07421875 0.26953125 
1 0.2841796875 0.603515625 0.076171875 0.26953125 
1 0.28125 0.30078125 0.0546875 0.234375 
1 0.3603515625 0.296875 0.044921875 0.28125 
1 0.7958984375 0.548828125 0.087890625 0.23828125 
1 0.3935546875 0.318359375 0.033203125 0.22265625 
1 0.7421875 0.279296875 0.05859375 0.28515625 
1 0.6767578125 0.28125 0.044921875 0.296875 
1 0.6123046875 0.626953125 0.044921875 0.26171875 
1 0.232421875 0.568359375 0.0703125 0.22265625 
3 0.6455078125 0.62890625 0.041015625 0.265625 
