 1 0.7724609375 0.318359375 0.044921875 0.19140625
 1 0.732421875 0.30859375 0.046875 0.21875
 1 0.728515625 0.55078125 0.0625 0.2265625
 1 0.2099609375 0.50390625 0.083984375 0.2109375
 1 0.373046875 0.3046875 0.04296875 0.25
 1 0.3583984375 0.576171875 0.037109375 0.24609375
 1 0.6259765625 0.310546875 0.033203125 0.21484375
 1 0.5927734375 0.296875 0.037109375 0.21875
 1 0.642578125 0.56640625 0.0390625 0.265625
 1 0.6103515625 0.57421875 0.041015625 0.2734375
 1 0.3369140625 0.30078125 0.029296875 0.265625
 1 0.25 0.306640625 0.0390625 0.21484375
 1 0.390625 0.564453125 0.03515625 0.24609375
 3 0.57421875 0.583984375 0.0390625 0.29296875
 3 0.5595703125 0.26171875 0.033203125 0.296875
 3 0.3037109375 0.31640625 0.048828125 0.2421875
 3 0.6923828125 0.3046875 0.041015625 0.2109375
