1 0.568359375 0.474609375 0.02734375 0.17578125 
1 0.4453125 0.43359375 0.0234375 0.171875 
1 0.5869140625 0.69140625 0.025390625 0.1640625 
1 0.61328125 0.677734375 0.03125 0.17578125 
1 0.41796875 0.443359375 0.03125 0.13671875 
1 0.6533203125 0.48828125 0.044921875 0.0859375 
1 0.3740234375 0.626953125 0.044921875 0.07421875 
1 0.3095703125 0.6171875 0.091796875 0.15625 
3 0.388671875 0.41796875 0.02734375 0.203125 
3 0.619140625 0.455078125 0.0390625 0.18359375 
3 0.59375 0.46484375 0.02734375 0.1640625 
3 0.7041015625 0.458984375 0.064453125 0.18359375 
3 0.412109375 0.6640625 0.03515625 0.171875 
3 0.66015625 0.6796875 0.0703125 0.171875 
