 1 0.568359375 0.525390625 0.02734375 0.17578125
 1 0.4453125 0.56640625 0.0234375 0.171875
 1 0.5869140625 0.30859375 0.025390625 0.1640625
 1 0.61328125 0.322265625 0.03125 0.17578125
 1 0.41796875 0.556640625 0.03125 0.13671875
 1 0.6533203125 0.51171875 0.044921875 0.0859375
 1 0.3740234375 0.373046875 0.044921875 0.07421875
 1 0.3095703125 0.3828125 0.091796875 0.15625
 3 0.66015625 0.3203125 0.0703125 0.171875
 3 0.388671875 0.58203125 0.02734375 0.203125
 3 0.619140625 0.544921875 0.0390625 0.18359375
 3 0.59375 0.53515625 0.02734375 0.1640625
 3 0.7041015625 0.541015625 0.064453125 0.18359375
 3 0.412109375 0.3359375 0.03515625 0.171875
