0 0.6181640625 0.662109375 0.033203125 0.13671875 
0 0.34375 0.64453125 0.05859375 0.125 
1 0.7216796875 0.626953125 0.052734375 0.13671875 
1 0.40234375 0.443359375 0.05859375 0.16015625 
1 0.4501953125 0.46875 0.037109375 0.109375 
1 0.560546875 0.419921875 0.03125 0.17578125 
1 0.6337890625 0.478515625 0.037109375 0.17578125 
1 0.662109375 0.4921875 0.04296875 0.1640625 
1 0.6982421875 0.498046875 0.041015625 0.17578125 
1 0.455078125 0.599609375 0.0390625 0.14453125 
1 0.505859375 0.447265625 0.02734375 0.12109375 
1 0.5849609375 0.439453125 0.033203125 0.17578125 
3 0.5400390625 0.404296875 0.041015625 0.20703125 
3 0.35546875 0.458984375 0.078125 0.17578125 
3 0.609375 0.455078125 0.03515625 0.18359375 
3 0.4814453125 0.419921875 0.025390625 0.18359375 
3 0.6875 0.677734375 0.04296875 0.15234375 
