0 0.65625 0.35546875 0.05859375 0.125 
0 0.3818359375 0.337890625 0.033203125 0.13671875 
1 0.2783203125 0.373046875 0.052734375 0.13671875 
1 0.59765625 0.556640625 0.05859375 0.16015625 
1 0.5498046875 0.53125 0.037109375 0.109375 
1 0.439453125 0.580078125 0.03125 0.17578125 
1 0.4150390625 0.560546875 0.033203125 0.17578125 
1 0.3662109375 0.521484375 0.037109375 0.17578125 
1 0.3017578125 0.501953125 0.041015625 0.17578125 
1 0.544921875 0.400390625 0.0390625 0.14453125 
1 0.494140625 0.552734375 0.02734375 0.12109375 
1 0.337890625 0.5078125 0.04296875 0.1640625 
3 0.4599609375 0.595703125 0.041015625 0.20703125 
3 0.64453125 0.541015625 0.078125 0.17578125 
3 0.390625 0.544921875 0.03515625 0.18359375 
3 0.5185546875 0.580078125 0.025390625 0.18359375 
3 0.3125 0.32421875 0.04296875 0.1484375 
