1 0.6357421875 0.568359375 0.025390625 0.20703125 
1 0.7080078125 0.572265625 0.048828125 0.17578125 
1 0.703125 0.36328125 0.0625 0.1953125 
1 0.61328125 0.34765625 0.03515625 0.2109375 
1 0.40234375 0.568359375 0.02734375 0.19140625 
1 0.376953125 0.568359375 0.03125 0.19921875 
1 0.33984375 0.5625 0.046875 0.1953125 
1 0.29296875 0.56640625 0.0546875 0.171875 
1 0.3076171875 0.359375 0.060546875 0.203125 
1 0.6533203125 0.34765625 0.052734375 0.1953125 
1 0.3525390625 0.3359375 0.060546875 0.2109375 
