1 0.61328125 0.470703125 0.03515625 0.08984375 
1 0.69921875 0.529296875 0.04296875 0.21484375 
1 0.5302734375 0.4609375 0.033203125 0.0859375 
1 0.4970703125 0.470703125 0.033203125 0.08984375 
3 0.421875 0.365234375 0.0390625 0.19921875 
3 0.5625 0.529296875 0.02734375 0.22265625 
3 0.4404296875 0.5546875 0.033203125 0.21875 
3 0.46875 0.546875 0.0234375 0.2265625 
3 0.388671875 0.3828125 0.05859375 0.1875 
3 0.64453125 0.5625 0.0234375 0.125 
3 0.6357421875 0.3515625 0.052734375 0.1953125 
3 0.587890625 0.533203125 0.0234375 0.21484375 
