1 0.5654296875 0.478515625 0.029296875 0.19140625 
1 0.623046875 0.53125 0.01953125 0.0859375 
1 0.6435546875 0.5390625 0.025390625 0.078125 
1 0.578125 0.693359375 0.04296875 0.20703125 
1 0.611328125 0.677734375 0.03125 0.17578125 
1 0.5322265625 0.486328125 0.041015625 0.16015625 
1 0.4873046875 0.486328125 0.041015625 0.17578125 
1 0.5986328125 0.474609375 0.033203125 0.20703125 
1 0.677734375 0.658203125 0.03515625 0.08203125 
1 0.6845703125 0.5234375 0.060546875 0.15625 
1 0.296875 0.6875 0.06640625 0.140625 
1 0.3388671875 0.662109375 0.025390625 0.07421875 
1 0.404296875 0.6875 0.03125 0.1796875 
1 0.3857421875 0.50390625 0.033203125 0.171875 
1 0.419921875 0.484375 0.04296875 0.1875 
1 0.3408203125 0.521484375 0.056640625 0.17578125 
1 0.291015625 0.53515625 0.0546875 0.1484375 
3 0.3681640625 0.69921875 0.037109375 0.171875 
3 0.6435546875 0.69140625 0.033203125 0.1875 
