1 0.423828125 0.326171875 0.02734375 0.14453125 
1 0.6015625 0.443359375 0.02734375 0.08203125 
1 0.689453125 0.3671875 0.0625 0.1484375 
1 0.625 0.498046875 0.0234375 0.17578125 
3 0.3115234375 0.40234375 0.060546875 0.140625 
3 0.376953125 0.517578125 0.03125 0.16015625 
3 0.408203125 0.5078125 0.03125 0.1640625 
3 0.6416015625 0.345703125 0.064453125 0.14453125 
3 0.5771484375 0.509765625 0.029296875 0.19140625 
3 0.5810546875 0.318359375 0.025390625 0.14453125 
3 0.556640625 0.318359375 0.0234375 0.12890625 
3 0.4482421875 0.3125 0.025390625 0.15625 
