0 0.6279296875 0.76953125 0.048828125 0.109375 
1 0.6689453125 0.70703125 0.068359375 0.15625 
1 0.630859375 0.57421875 0.04296875 0.140625 
1 0.564453125 0.572265625 0.03125 0.15234375 
1 0.4873046875 0.55859375 0.025390625 0.109375 
1 0.4599609375 0.568359375 0.029296875 0.11328125 
1 0.4130859375 0.576171875 0.041015625 0.15234375 
1 0.373046875 0.728515625 0.04296875 0.10546875 
1 0.412109375 0.76171875 0.03125 0.1875 
3 0.318359375 0.7421875 0.06640625 0.1484375 
3 0.5888671875 0.5625 0.025390625 0.1796875 
3 0.513671875 0.5546875 0.03125 0.1328125 
