1 0.416015625 0.6328125 0.03125 0.21875 
1 0.6337890625 0.421875 0.033203125 0.203125 
1 0.5048828125 0.560546875 0.005859375 0.00390625 
1 0.330078125 0.416015625 0.05078125 0.19140625 
1 0.603515625 0.41796875 0.03515625 0.1953125 
1 0.669921875 0.41796875 0.0546875 0.1953125 
1 0.6083984375 0.625 0.029296875 0.203125 
1 0.6494140625 0.626953125 0.056640625 0.19140625 
1 0.5791015625 0.62890625 0.029296875 0.21875 
1 0.6982421875 0.615234375 0.056640625 0.17578125 
1 0.3857421875 0.630859375 0.029296875 0.20703125 
1 0.341796875 0.6328125 0.06640625 0.203125 
1 0.2890625 0.609375 0.06640625 0.203125 
1 0.279296875 0.4140625 0.0546875 0.1953125 
1 0.3896484375 0.41796875 0.033203125 0.203125 
