 1 0.3916015625 0.375 0.029296875 0.203125
 1 0.330078125 0.58203125 0.0546875 0.1953125
 1 0.396484375 0.58203125 0.03515625 0.1953125
 1 0.7109375 0.390625 0.06640625 0.203125
 1 0.658203125 0.3671875 0.06640625 0.203125
 1 0.6142578125 0.369140625 0.029296875 0.20703125
 1 0.3017578125 0.384765625 0.056640625 0.17578125
 1 0.3505859375 0.373046875 0.056640625 0.19140625
 1 0.720703125 0.5859375 0.0546875 0.1953125
 1 0.583984375 0.3671875 0.03125 0.21875
 1 0.4208984375 0.37109375 0.029296875 0.21875
 1 0.6103515625 0.58203125 0.033203125 0.203125
 1 0.3662109375 0.578125 0.033203125 0.203125
 1 0.4951171875 0.439453125 0.005859375 0.00390625
 1 0.669921875 0.583984375 0.05078125 0.19140625
