1 0.533203125 0.6875 0.0234375 0.15625 
1 0.5146484375 0.6875 0.013671875 0.1484375 
1 0.4990234375 0.6875 0.017578125 0.1484375 
1 0.466796875 0.6953125 0.01171875 0.171875 
1 0.4521484375 0.703125 0.025390625 0.1875 
1 0.310546875 0.6171875 0.06640625 0.125 
1 0.3466796875 0.6640625 0.076171875 0.15625 
1 0.64453125 0.515625 0.0546875 0.15625 
1 0.404296875 0.513671875 0.03125 0.14453125 
1 0.60546875 0.517578125 0.02734375 0.12890625 
1 0.482421875 0.69140625 0.015625 0.1484375 
1 0.580078125 0.51953125 0.03125 0.1484375 
