0 0.5625 0.458984375 0.03515625 0.16015625 
0 0.572265625 0.28125 0.02734375 0.1484375 
0 0.6455078125 0.2890625 0.068359375 0.15625 
1 0.5634765625 0.45703125 0.033203125 0.15625 
1 0.619140625 0.45703125 0.03125 0.140625 
1 0.3876953125 0.458984375 0.025390625 0.14453125 
1 0.470703125 0.45703125 0.03125 0.15625 
1 0.3857421875 0.279296875 0.037109375 0.13671875 
1 0.5732421875 0.279296875 0.029296875 0.14453125 
1 0.6005859375 0.275390625 0.037109375 0.15234375 
1 0.6455078125 0.2890625 0.068359375 0.15625 
1 0.6923828125 0.31640625 0.052734375 0.125 
1 0.59375 0.46484375 0.03125 0.140625 
1 0.2880859375 0.482421875 0.041015625 0.16015625 
1 0.4150390625 0.2734375 0.029296875 0.140625 
1 0.697265625 0.45703125 0.04296875 0.125 
3 0.3623046875 0.46875 0.041015625 0.1640625 
3 0.32421875 0.4921875 0.03515625 0.171875 
3 0.658203125 0.4765625 0.05078125 0.1640625 
3 0.5341796875 0.45703125 0.033203125 0.15625 
