 0 0.4375 0.458984375 0.03515625 0.16015625
 0 0.427734375 0.28125 0.02734375 0.1484375
 0 0.3544921875 0.2890625 0.068359375 0.15625
 1 0.302734375 0.45703125 0.04296875 0.125
 1 0.4365234375 0.45703125 0.033203125 0.15625
 1 0.380859375 0.45703125 0.03125 0.140625
 1 0.6123046875 0.458984375 0.025390625 0.14453125
 1 0.529296875 0.45703125 0.03125 0.15625
 1 0.6142578125 0.279296875 0.037109375 0.13671875
 1 0.4267578125 0.279296875 0.029296875 0.14453125
 1 0.3994140625 0.275390625 0.037109375 0.15234375
 1 0.3544921875 0.2890625 0.068359375 0.15625
 1 0.3076171875 0.31640625 0.052734375 0.125
 1 0.40625 0.46484375 0.03125 0.140625
 1 0.7119140625 0.482421875 0.041015625 0.16015625
 1 0.5849609375 0.2734375 0.029296875 0.140625
 3 0.6376953125 0.46875 0.041015625 0.1640625
 3 0.67578125 0.4921875 0.03515625 0.171875
 3 0.341796875 0.4765625 0.05078125 0.1640625
 3 0.4658203125 0.45703125 0.033203125 0.15625
