 1 0.451171875 0.55078125 0.0234375 0.1328125
 1 0.3828125 0.541015625 0.046875 0.13671875
 1 0.6845703125 0.53125 0.041015625 0.125
 1 0.572265625 0.54296875 0.03515625 0.140625
 3 0.337890625 0.47265625 0.0546875 0.2421875
 3 0.419921875 0.46875 0.0390625 0.3046875
 3 0.4794921875 0.490234375 0.041015625 0.25390625
 3 0.6083984375 0.4921875 0.041015625 0.25
 3 0.6455078125 0.48828125 0.041015625 0.25
 3 0.3515625 0.716796875 0.03125 0.15234375
 3 0.4091796875 0.728515625 0.037109375 0.12890625
 3 0.4443359375 0.736328125 0.025390625 0.17578125
 3 0.544921875 0.732421875 0.03125 0.16796875
 3 0.58203125 0.724609375 0.03125 0.15234375
 3 0.6572265625 0.708984375 0.029296875 0.15234375
 3 0.52734375 0.48828125 0.0546875 0.2734375
