 1 0.572265625 0.45703125 0.03515625 0.140625
 1 0.451171875 0.44921875 0.0234375 0.1328125
 1 0.3828125 0.458984375 0.046875 0.13671875
 1 0.6845703125 0.46875 0.041015625 0.125
 3 0.52734375 0.51171875 0.0546875 0.2734375
 3 0.6083984375 0.5078125 0.041015625 0.25
 3 0.6455078125 0.51171875 0.041015625 0.25
 3 0.3515625 0.283203125 0.03125 0.15234375
 3 0.4443359375 0.263671875 0.025390625 0.17578125
 3 0.544921875 0.267578125 0.03125 0.16796875
 3 0.58203125 0.275390625 0.03125 0.15234375
 3 0.6572265625 0.291015625 0.029296875 0.15234375
 3 0.4091796875 0.271484375 0.037109375 0.12890625
 3 0.4794921875 0.509765625 0.041015625 0.25390625
 3 0.419921875 0.53125 0.0390625 0.3046875
 3 0.337890625 0.52734375 0.0546875 0.2421875
