1 0.6181640625 0.716796875 0.033203125 0.19140625 
1 0.2783203125 0.697265625 0.060546875 0.19140625 
1 0.275390625 0.494140625 0.0546875 0.19140625 
1 0.6845703125 0.7265625 0.052734375 0.1796875 
1 0.744140625 0.51171875 0.046875 0.1796875 
1 0.333984375 0.498046875 0.05859375 0.18359375 
1 0.734375 0.71875 0.0546875 0.1875 
1 0.7861328125 0.515625 0.041015625 0.1640625 
1 0.7001953125 0.521484375 0.044921875 0.15234375 
2 0.201171875 0.689453125 0.0859375 0.16796875 
3 0.341796875 0.70703125 0.05078125 0.171875 
3 0.583984375 0.48046875 0.03125 0.203125 
3 0.3916015625 0.705078125 0.048828125 0.20703125 
