 1 0.6015625 0.3828125 0.0390625 0.1953125
 1 0.5654296875 0.388671875 0.037109375 0.16015625
 1 0.419921875 0.5625 0.04296875 0.203125
 1 0.3525390625 0.56640625 0.033203125 0.203125
 1 0.6103515625 0.5703125 0.033203125 0.1953125
 1 0.6767578125 0.591796875 0.044921875 0.19921875
 1 0.7255859375 0.6171875 0.052734375 0.1796875
 1 0.3564453125 0.3984375 0.056640625 0.1484375
 1 0.57421875 0.525390625 0.03125 0.12890625
 1 0.5478515625 0.525390625 0.025390625 0.14453125
 1 0.51953125 0.52734375 0.03515625 0.1640625
 1 0.4833984375 0.529296875 0.033203125 0.18359375
 1 0.45703125 0.53515625 0.03515625 0.171875
 1 0.6376953125 0.57421875 0.033203125 0.1875
 3 0.30859375 0.4140625 0.0859375 0.15625
 3 0.3154296875 0.58203125 0.052734375 0.1875
