 1 0.625 0.314453125 0.03515625 0.25390625
 1 0.3486328125 0.560546875 0.044921875 0.26953125
 1 0.2421875 0.5546875 0.0703125 0.2421875
 1 0.6357421875 0.58203125 0.041015625 0.2890625
 1 0.69921875 0.318359375 0.0546875 0.24609375
 1 0.7470703125 0.30859375 0.048828125 0.2421875
 1 0.65625 0.314453125 0.03125 0.24609375
 1 0.2431640625 0.3046875 0.052734375 0.234375
 3 0.2998046875 0.55078125 0.060546875 0.2421875
 3 0.736328125 0.5625 0.0625 0.234375
 3 0.677734375 0.576171875 0.046875 0.25390625
 3 0.2900390625 0.30859375 0.056640625 0.25
 3 0.33203125 0.287109375 0.0390625 0.25390625
 3 0.37109375 0.27734375 0.0390625 0.2578125
