 1 0.6474609375 0.482421875 0.021484375 0.05859375
 1 0.4951171875 0.53125 0.037109375 0.171875
 1 0.5283203125 0.533203125 0.033203125 0.19140625
 1 0.427734375 0.51953125 0.03125 0.1953125
 1 0.40234375 0.470703125 0.0234375 0.07421875
 1 0.357421875 0.4921875 0.03125 0.09375
 1 0.3310546875 0.494140625 0.021484375 0.06640625
 1 0.6904296875 0.5390625 0.068359375 0.1640625
 1 0.6328125 0.310546875 0.0546875 0.21484375
 1 0.291015625 0.533203125 0.0546875 0.17578125
 1 0.380859375 0.484375 0.02734375 0.09375
 3 0.4599609375 0.533203125 0.029296875 0.18359375
 3 0.59765625 0.318359375 0.03515625 0.19921875
 3 0.6181640625 0.53515625 0.037109375 0.1796875
