 1 0.6474609375 0.517578125 0.021484375 0.05859375
 1 0.4951171875 0.46875 0.037109375 0.171875
 1 0.5283203125 0.466796875 0.033203125 0.19140625
 1 0.427734375 0.48046875 0.03125 0.1953125
 1 0.40234375 0.529296875 0.0234375 0.07421875
 1 0.380859375 0.515625 0.02734375 0.09375
 1 0.357421875 0.5078125 0.03125 0.09375
 1 0.3310546875 0.505859375 0.021484375 0.06640625
 1 0.6904296875 0.4609375 0.068359375 0.1640625
 1 0.6328125 0.689453125 0.0546875 0.21484375
 1 0.291015625 0.466796875 0.0546875 0.17578125
 3 0.4599609375 0.466796875 0.029296875 0.18359375
 3 0.59765625 0.681640625 0.03515625 0.19921875
 3 0.6181640625 0.46484375 0.037109375 0.1796875
