 0 0.6767578125 0.673828125 0.064453125 0.19140625
 1 0.6259765625 0.669921875 0.033203125 0.19140625
 1 0.595703125 0.68359375 0.03125 0.1953125
 1 0.6005859375 0.462890625 0.033203125 0.18359375
 1 0.359375 0.455078125 0.0234375 0.18359375
 1 0.3291015625 0.466796875 0.041015625 0.17578125
 1 0.2216796875 0.595703125 0.083984375 0.16015625
 1 0.26171875 0.640625 0.09375 0.171875
 1 0.6611328125 0.44921875 0.052734375 0.203125
 1 0.2890625 0.4453125 0.046875 0.1796875
 3 0.6767578125 0.673828125 0.064453125 0.17578125
 3 0.3857421875 0.44921875 0.029296875 0.203125
 3 0.4140625 0.447265625 0.02734375 0.21484375
