 0 0.3505859375 0.345703125 0.029296875 0.19921875
 1 0.6396484375 0.392578125 0.037109375 0.22265625
 1 0.6484375 0.689453125 0.05078125 0.27734375
 1 0.3798828125 0.361328125 0.037109375 0.26171875
 1 0.2548828125 0.3515625 0.048828125 0.1953125
 1 0.755859375 0.638671875 0.0859375 0.25390625
 1 0.708984375 0.359375 0.0546875 0.2421875
 1 0.732421875 0.45703125 0.00390625 0.0
 1 0.248046875 0.572265625 0.07421875 0.19140625
 1 0.755859375 0.330078125 0.0546875 0.25390625
 2 0.8154296875 0.587890625 0.080078125 0.17578125
 3 0.2998046875 0.626953125 0.076171875 0.23828125
 3 0.3056640625 0.3359375 0.060546875 0.2578125
