1 0.7255859375 0.71875 0.001953125 0.0078125 
1 0.328125 0.45703125 0.03515625 0.1875 
1 0.345703125 0.658203125 0.03515625 0.16796875 
1 0.6474609375 0.4765625 0.037109375 0.1640625 
1 0.7431640625 0.470703125 0.052734375 0.17578125 
1 0.224609375 0.61328125 0.0859375 0.1640625 
1 0.6552734375 0.625 0.041015625 0.0859375 
1 0.318359375 0.609375 0.0234375 0.0703125 
1 0.7724609375 0.630859375 0.087890625 0.16796875 
1 0.7080078125 0.66796875 0.072265625 0.1875 
1 0.6142578125 0.677734375 0.048828125 0.20703125 
1 0.6083984375 0.466796875 0.041015625 0.18359375 
1 0.69140625 0.48046875 0.0546875 0.15625 
1 0.2509765625 0.451171875 0.048828125 0.17578125 
3 0.359375 0.46484375 0.03125 0.171875 
3 0.2919921875 0.46875 0.041015625 0.171875 
3 0.27734375 0.65234375 0.06640625 0.171875 
