1 0.2568359375 0.529296875 0.052734375 0.17578125 
1 0.3525390625 0.5234375 0.037109375 0.1640625 
1 0.654296875 0.341796875 0.03515625 0.16796875 
1 0.671875 0.54296875 0.03515625 0.1875 
1 0.2744140625 0.28125 0.001953125 0.0078125 
1 0.2275390625 0.369140625 0.087890625 0.16796875 
1 0.2919921875 0.33203125 0.072265625 0.1875 
1 0.30859375 0.51953125 0.0546875 0.15625 
1 0.3916015625 0.533203125 0.041015625 0.18359375 
1 0.3857421875 0.322265625 0.048828125 0.20703125 
1 0.7490234375 0.548828125 0.048828125 0.17578125 
1 0.775390625 0.38671875 0.0859375 0.1640625 
1 0.3447265625 0.375 0.041015625 0.0859375 
1 0.681640625 0.390625 0.0234375 0.0703125 
3 0.72265625 0.34765625 0.06640625 0.171875 
3 0.7080078125 0.53125 0.041015625 0.171875 
3 0.640625 0.53515625 0.03125 0.171875 
