 1 0.35546875 0.546875 0.04296875 0.1640625
 1 0.3369140625 0.3515625 0.072265625 0.1640625
 1 0.31640625 0.55859375 0.0390625 0.1640625
 1 0.2568359375 0.423828125 0.064453125 0.14453125
 1 0.677734375 0.56640625 0.0390625 0.1875
 1 0.71484375 0.56640625 0.03515625 0.15625
 1 0.6181640625 0.31640625 0.044921875 0.1953125
 1 0.7080078125 0.3671875 0.080078125 0.1796875
 1 0.6630859375 0.33984375 0.068359375 0.203125
 2 0.755859375 0.384765625 0.07421875 0.14453125
 3 0.2978515625 0.375 0.064453125 0.171875
 3 0.634765625 0.560546875 0.046875 0.19921875
